MTS793|MPT|ENU|1|2|.|/|:|1|0|0|A

Data Acquisition						Time:	102.61206	Sec	5/8/2017 6:41:10 PM
Time	Axial Displacement	Axial Force
Sec	mm	N
15.510498	-26.992376	0.10700585
15.610596	-26.998255	0.05460541
15.710693	-26.992399	0.10261882
15.810791	-26.994259	0.080971837
15.910889	-26.993704	0.090396166
16.010986	-26.993767	0.086825609
16.111084	-26.995144	0.07940165
16.211182	-26.992449	0.095716454
16.311279	-26.997042	0.068083771
16.411377	-26.992289	0.10026044
16.511475	-26.999464	0.051665608
16.611572	-26.991314	0.10969173
16.71167	-26.997814	0.055008382
16.811768	-26.994495	0.08707156
16.911865	-26.996452	0.062538385
17.011963	-26.997156	0.067824163
17.112061	-26.996901	0.059088703
17.212158	-26.994991	0.077588573
17.312256	-26.995764	0.066004388
17.412354	-26.993305	0.080948398
17.512451	-26.995861	0.058524054
17.612549	-26.990877	0.093995772
17.712646	-26.994591	0.068368733
17.812744	-26.992487	0.090137661
17.912842	-26.991953	0.086307809
18.012939	-26.996372	0.064470485
18.113037	-26.987738	0.12015087
18.213135	-26.996958	0.053718433
18.313232	-26.991005	0.10335165
18.41333	-26.992367	0.0832697
18.513428	-26.991907	0.09214554
18.613525	-26.993492	0.083957575
18.713623	-26.99004	0.10862652
18.813721	-26.995512	0.065873012
18.913818	-26.990379	0.10402994
19.013916	-26.992426	0.089127146
19.114014	-26.992418	0.088657208
19.214111	-26.992632	0.084681645
19.314209	-26.994074	0.078433461
19.414307	-26.99259	0.081261568
19.514404	-26.995033	0.067892462
19.614502	-26.996021	0.061468307
19.7146	-26.997244	0.05688715
19.814697	-26.992632	0.082468681
19.914795	-27.000372	0.023814177
20.014893	-26.991158	0.09471602
20.11499	-26.999142	0.034390558
20.215088	-26.993736	0.077212684
20.315186	-26.995934	0.048964281
20.415283	-26.993034	0.073885828
20.515381	-26.995125	0.057366703
20.615479	-26.989096	0.10470492
20.715576	-26.98844	0.10617775
20.815674	-26.989193	0.10746334
20.915771	-26.982824	0.14933065
21.015869	-26.988331	0.11246601
21.115967	-26.982573	0.15370627
21.216064	-26.987909	0.1119521
21.316162	-26.982239	0.16117419
21.41626	-26.988539	0.11048717
21.516357	-26.983465	0.14764807
21.616455	-26.986715	0.12233363
21.716553	-26.980616	0.16762486
21.81665	-26.986702	0.12227613
21.916748	-26.985668	0.13226674
22.016846	-26.990505	0.094315246
22.116943	-26.985065	0.13317758
22.217041	-26.989676	0.098913208
22.317139	-26.987066	0.11436079
22.417236	-26.990423	0.098106101
22.517334	-26.984463	0.13269244
22.617432	-26.989578	0.097325757
22.717529	-26.985525	0.12316804
22.817627	-26.989048	0.097573444
22.917725	-26.985559	0.12548012
23.017822	-26.988293	0.10393319
23.11792	-26.986282	0.11813224
23.218018	-26.985682	0.12179366
23.318115	-26.98587	0.12141399
23.418213	-26.984329	0.13667876
23.518311	-26.984175	0.13346693
23.618408	-26.983686	0.14119597
23.718506	-26.983273	0.14661381
23.818604	-26.983194	0.14531749
23.918701	-26.983427	0.13732208
24.018799	-26.981661	0.15632702
24.118896	-26.982628	0.14496174
24.218994	-26.983984	0.13740841
24.319092	-26.983551	0.13758129
24.419189	-26.984646	0.13560818
24.519287	-26.985027	0.12913378
24.619385	-26.985668	0.1223366
24.719482	-26.984152	0.13330035
24.81958	-26.985975	0.11264234
24.919678	-26.985247	0.12495945
25.019775	-26.986021	0.11734156
25.119873	-26.98741	0.10457529
25.219971	-26.984692	0.12350353
25.320068	-26.987684	0.095175706
25.420166	-26.977726	0.1843922
25.520264	-26.990078	0.086890221
25.620361	-26.97452	0.20778471
25.720459	-26.983335	0.1262383
25.820557	-26.977268	0.1804783
25.920654	-26.982059	0.13677377
26.020752	-26.976206	0.18794183
26.12085	-26.979982	0.15138793
26.220947	-26.974512	0.20251074
26.321045	-26.980982	0.1445962
26.421143	-26.974155	0.20894672
26.52124	-26.978821	0.16554715
26.621338	-26.974834	0.19739452
26.721436	-26.978546	0.16590802
26.821533	-26.97506	0.19680983
26.921631	-26.978397	0.17011137
27.021729	-26.973642	0.20504236
27.121826	-26.977472	0.17360084
27.221924	-26.974707	0.19725762
27.322021	-26.977365	0.17678419
27.422119	-26.97805	0.16663077
27.522217	-26.9785	0.16868098
27.622314	-26.978502	0.16111362
27.722412	-26.978092	0.16690181
27.82251	-26.978952	0.16083999
27.922607	-26.980543	0.14802749
28.022705	-26.979647	0.14973517
28.122803	-26.979496	0.15484011
28.2229	-26.978338	0.1636259
28.322998	-26.980331	0.14058879
28.423096	-26.978008	0.16613427
28.523193	-26.978029	0.15642461
28.623291	-26.975971	0.17628665
28.723389	-26.97764	0.16464998
28.823486	-26.973783	0.19219929
28.923584	-26.975008	0.17890903
29.023682	-26.972807	0.19445574
29.123779	-26.974514	0.18250006
29.223877	-26.969507	0.22760965
29.323975	-26.975836	0.17041077
29.424072	-26.971874	0.21178593
29.52417	-26.973263	0.19544715
29.624268	-26.971851	0.21250795
29.724365	-26.974501	0.18557109
29.824463	-26.968386	0.24315435
29.924561	-26.97534	0.17516612
30.024658	-26.97102	0.21558228
30.124756	-26.977577	0.15758272
30.224854	-26.972063	0.20462127
30.324951	-26.976192	0.16829093
30.425049	-26.971598	0.20851164
30.525146	-26.977673	0.15558963
30.625244	-26.97492	0.18559776
30.725342	-26.976446	0.16863793
30.825439	-26.972281	0.19664952
30.925537	-26.97197	0.20774364
31.025635	-26.971767	0.19233502
31.125732	-26.966295	0.25051776
31.22583	-26.971102	0.19678514
31.325928	-26.964828	0.26538092
31.426025	-26.976307	0.1495382
31.526123	-26.959963	0.31839514
31.626221	-26.974789	0.1661928
31.726318	-26.958324	0.32265463
31.826416	-26.968212	0.22373146
31.926514	-26.966841	0.2235962
32.026611	-26.960701	0.30416545
32.126709	-26.969646	0.19852203
32.226807	-26.961016	0.29909611
32.326904	-26.968264	0.21939018
32.427002	-26.960821	0.30255485
32.5271	-26.966396	0.23790297
32.627197	-26.963818	0.26932827
32.727295	-26.965515	0.25125515
32.827393	-26.964787	0.24903889
32.92749	-26.963531	0.26571125
33.027588	-26.966297	0.23231134
33.127686	-26.962809	0.26775697
33.227783	-26.96908	0.19933194
33.327881	-26.963638	0.25399262
33.427979	-26.966673	0.22579215
33.528076	-26.967634	0.20564193
33.628174	-26.965363	0.23917064
33.728271	-26.972834	0.1682363
33.828369	-26.963924	0.2455526
33.928467	-26.969488	0.19374104
34.028564	-26.964376	0.24099068
34.128662	-26.968027	0.20711547
34.22876	-26.964808	0.23237787
34.328857	-26.964567	0.24308492
34.428955	-26.964926	0.23775512
34.529053	-26.964125	0.24704653
34.62915	-26.964527	0.24737377
34.729248	-26.962873	0.26315677
34.829346	-26.964041	0.24988747
34.929443	-26.960466	0.27863351
35.029541	-26.964743	0.24116814
35.129639	-26.959787	0.28968033
35.229736	-26.96562	0.22708176
35.329834	-26.960579	0.28339738
35.429932	-26.965073	0.2325308
35.530029	-26.962276	0.25646177
35.630127	-26.96224	0.26059428
35.730225	-26.964699	0.22652295
35.830322	-26.961767	0.26466531
35.93042	-26.967651	0.20475474
36.030518	-26.963081	0.25047469
36.130615	-26.967693	0.20312777
36.230713	-26.964247	0.23437323
36.330811	-26.964108	0.24267659
36.430908	-26.967083	0.2097014
36.531006	-26.963285	0.24706684
36.631104	-26.964621	0.23158859
36.731201	-26.965244	0.23033184
36.831299	-26.962549	0.25935724
36.931396	-26.96431	0.23671183
37.031494	-26.962559	0.25750551
37.131592	-26.963963	0.24227266
37.231689	-26.963816	0.24414633
37.331787	-26.960419	0.28329507
37.431885	-26.95821	0.30943826
37.531982	-26.955437	0.34315085
37.63208	-26.958603	0.29777759
37.732178	-26.956501	0.31828114
37.832275	-26.955503	0.32954013
37.932373	-26.955679	0.32411247
38.032471	-26.955824	0.32086852
38.132568	-26.956366	0.30635706
38.232666	-26.955236	0.3217614
38.332764	-26.958044	0.28322726
38.432861	-26.955263	0.32605657
38.532959	-26.959635	0.26929489
38.633057	-26.955465	0.32101715
38.733154	-26.959356	0.27007401
38.833252	-26.958918	0.28158185
38.93335	-26.957346	0.30443412
39.033447	-26.963274	0.23691493
39.133545	-26.95653	0.31352231
39.233643	-26.96073	0.26231849
39.33374	-26.958509	0.28138205
39.433838	-26.958353	0.28815565
39.533936	-26.957912	0.29504022
39.634033	-26.961025	0.25713006
39.734131	-26.956606	0.3103494
39.834229	-26.958282	0.2886517
39.934326	-26.957958	0.28904754
40.034424	-26.955853	0.31372979
40.134521	-26.957462	0.28626415
40.234619	-26.953035	0.35293031
40.334717	-26.955788	0.31622562
40.434814	-26.954865	0.31635714
40.534912	-26.951933	0.36660498
40.63501	-26.957645	0.28844082
40.735107	-26.955841	0.31984782
40.835205	-26.953718	0.35070083
40.935303	-26.957777	0.29600608
41.0354	-26.955868	0.3144947
41.135498	-26.954514	0.33927816
41.235596	-26.959587	0.27420348
41.335693	-26.957396	0.30475086
41.435791	-26.958014	0.29757971
41.535889	-26.957359	0.29398906
41.635986	-26.959259	0.27091244
41.736084	-26.957205	0.2979497
41.836182	-26.958364	0.28351688
41.936279	-26.958595	0.27705535
42.036377	-26.959299	0.26663718
42.136475	-26.956921	0.29173616
42.236572	-26.958454	0.26684248
42.33667	-26.957188	0.27884814
42.436768	-26.955135	0.31926134
42.536865	-26.957975	0.27719444
42.636963	-26.956951	0.29117405
42.737061	-26.956299	0.31420386
42.837158	-26.95615	0.30762592
42.937256	-26.956924	0.29567584
43.037354	-26.956463	0.30239791
43.137451	-26.957108	0.29403159
43.237549	-26.949055	0.40337408
43.337646	-26.951227	0.37682769
43.437744	-26.958851	0.26497158
43.537842	-26.947182	0.43633395
43.637939	-26.95402	0.33512476
43.738037	-26.956429	0.29613864
43.838135	-26.9499	0.39334521
43.938232	-26.954247	0.32825738
44.03833	-26.95508	0.30490887
44.138428	-26.951159	0.36066547
44.238525	-26.951969	0.34635645
44.338623	-26.954819	0.30268466
44.438721	-26.952255	0.34261358
44.538818	-26.953653	0.31769535
44.638916	-26.953428	0.32330129
44.739014	-26.955145	0.30039203
44.839111	-26.952351	0.33999416
44.939209	-26.954203	0.31472012
45.039307	-26.955116	0.30365869
45.139404	-26.952066	0.34618434
45.239502	-26.955786	0.29436654
45.3396	-26.952389	0.33171254
45.439697	-26.954229	0.31082755
45.539795	-26.952862	0.33624861
45.639893	-26.952475	0.34485564
45.73999	-26.952728	0.32402974
45.840088	-26.951311	0.35078648
45.940186	-26.951694	0.34375083
46.040283	-26.953903	0.3143746
46.140381	-26.949205	0.37917754
46.240479	-26.954264	0.31065035
46.340576	-26.953243	0.32408026
46.440674	-26.949905	0.37734032
46.540771	-26.954746	0.31109732
46.640869	-26.952572	0.32499531
46.740967	-26.948887	0.39109606
46.841064	-26.954369	0.31773716
46.941162	-26.953522	0.31700245
47.04126	-26.947453	0.41706005
47.141357	-26.952709	0.33163059
47.241455	-26.954309	0.30562672
47.341553	-26.94742	0.41824684
47.44165	-26.950214	0.36774394
47.541748	-26.952534	0.32803226
47.641846	-26.948977	0.37567505
47.741943	-26.949015	0.37548223
47.842041	-26.952461	0.32535666
47.942139	-26.949314	0.36491266
48.042236	-26.947113	0.3972432
48.142334	-26.948975	0.37188444
48.242432	-26.949326	0.37156758
48.342529	-26.947695	0.39398968
48.442627	-26.949163	0.36821476
48.542725	-26.949453	0.36180732
48.642822	-26.947266	0.40334803
48.74292	-26.947439	0.4095099
48.843018	-26.948992	0.38051739
48.943115	-26.949757	0.36364353
49.043213	-26.947796	0.39549658
49.143311	-26.947586	0.39568627
49.243408	-26.95204	0.32960859
49.343506	-26.94928	0.36769456
49.443604	-26.94669	0.40462327
49.543701	-26.947889	0.39054027
49.643799	-26.948917	0.36709595
49.743896	-26.948908	0.37244809
49.843994	-26.947077	0.398366
49.944092	-26.949457	0.36470321
50.044189	-26.950764	0.33556688
50.144287	-26.950193	0.34071213
50.244385	-26.949129	0.35656601
50.344482	-26.947855	0.37673995
50.44458	-26.948606	0.36154109
50.544678	-26.949068	0.34922805
50.644775	-26.947758	0.37035513
50.744873	-26.948019	0.37264124
50.844971	-26.95055	0.33131567
50.945068	-26.947947	0.36110419
51.045166	-26.947001	0.37983003
51.145264	-26.946796	0.38507402
51.245361	-26.941538	0.46853998
51.345459	-26.940683	0.49822253
51.445557	-26.945332	0.38917679
51.545654	-26.945024	0.40381402
51.645752	-26.94343	0.43782055
51.74585	-26.942976	0.44648674
51.845947	-26.945778	0.38458681
51.946045	-26.94352	0.42528477
52.046143	-26.94169	0.46080115
52.14624	-26.943117	0.43794507
52.246338	-26.944391	0.40713367
52.346436	-26.944866	0.40676042
52.446533	-26.942507	0.44464615
52.546631	-26.942167	0.45211154
52.646729	-26.944071	0.41097343
52.746826	-26.94582	0.38676816
52.846924	-26.941986	0.46510202
52.947021	-26.943111	0.44086158
53.047119	-26.946495	0.37944078
53.147217	-26.942974	0.43236524
53.247314	-26.942211	0.44161144
53.347412	-26.942379	0.43777153
53.44751	-26.943943	0.41020155
53.547607	-26.943361	0.43381751
53.647705	-26.941402	0.46696281
53.747803	-26.941708	0.45354107
53.8479	-26.942797	0.4433594
53.947998	-26.942247	0.4420498
54.048096	-26.943354	0.4240309
54.148193	-26.943184	0.42782906
54.248291	-26.941401	0.46227771
54.348389	-26.941122	0.46968049
54.448486	-26.942173	0.45792791
54.548584	-26.942467	0.4363178
54.648682	-26.94384	0.41527313
54.748779	-26.94323	0.42485848
54.848877	-26.94346	0.42078435
54.948975	-26.944157	0.40800771
55.049072	-26.943283	0.42598373
55.14917	-26.941858	0.45740968
55.249268	-26.943245	0.41582999
55.349365	-26.943766	0.41768354
55.449463	-26.943174	0.42138606
55.549561	-26.942686	0.43594077
55.649658	-26.942007	0.44087988
55.749756	-26.942398	0.44159573
55.849854	-26.941813	0.4525502
55.949951	-26.941441	0.45726791
56.050049	-26.942503	0.44149309
56.150146	-26.943415	0.41997367
56.250244	-26.942333	0.43461543
56.350342	-26.941092	0.45814836
56.450439	-26.942276	0.45102844
56.550537	-26.938551	0.51846814
56.650635	-26.937572	0.53601897
56.750732	-26.940273	0.48653877
56.85083	-26.940868	0.46694911
56.950928	-26.940931	0.46146241
57.051025	-26.940058	0.48083621
57.151123	-26.939077	0.49670383
57.251221	-26.940414	0.47817641
57.351318	-26.94109	0.46161821
57.451416	-26.94062	0.474852
57.551514	-26.940639	0.46900865
57.651611	-26.941961	0.43513778
57.751709	-26.941788	0.43438485
57.851807	-26.942286	0.4372451
57.951904	-26.940668	0.46027353
58.052002	-26.93928	0.4924159
58.1521	-26.940872	0.46104619
58.252197	-26.941751	0.43132618
58.352295	-26.940676	0.44873998
58.452393	-26.939867	0.46401966
58.55249	-26.938993	0.49315569
58.652588	-26.939295	0.48361853
58.752686	-26.939911	0.46074033
58.852783	-26.938465	0.48640817
58.952881	-26.939503	0.47187304
59.052979	-26.93965	0.461041
59.153076	-26.939552	0.47288772
59.253174	-26.939291	0.48500878
59.353271	-26.938564	0.50601554
59.453369	-26.93861	0.4997828
59.553467	-26.940681	0.46323937
59.653564	-26.941296	0.44784224
59.753662	-26.941269	0.44826251
59.85376	-26.942568	0.41249043
59.953857	-26.941671	0.43725526
60.053955	-26.941216	0.45005089
60.154053	-26.941576	0.43677339
60.25415	-26.942158	0.43660232
60.354248	-26.942789	0.42290896
60.454346	-26.943016	0.407538
60.554443	-26.943462	0.41365185
60.654541	-26.942446	0.41853669
60.754639	-26.939957	0.46293238
60.854736	-26.938261	0.49912167
60.954834	-26.937965	0.50819588
61.054932	-26.940699	0.45069867
61.155029	-26.941801	0.42708144
61.255127	-26.937572	0.50123388
61.355225	-26.936472	0.53286862
61.455322	-26.935312	0.56438059
61.55542	-26.936939	0.52093029
61.655518	-26.937019	0.51863086
61.755615	-26.936668	0.53094095
61.855713	-26.936287	0.53939843
61.955811	-26.937399	0.51399136
62.055908	-26.938173	0.50252056
62.156006	-26.935516	0.54491603
62.256104	-26.935726	0.54847693
62.356201	-26.936724	0.52035576
62.456299	-26.939484	0.46937755
62.556396	-26.9396	0.45680544
62.656494	-26.93792	0.49269706
62.756592	-26.938236	0.48715973
62.856689	-26.940107	0.44606981
62.956787	-26.938223	0.48195204
63.056885	-26.936798	0.51575851
63.156982	-26.938141	0.48063618
63.25708	-26.941607	0.4191733
63.357178	-26.939339	0.45546746
63.457275	-26.938358	0.46914133
63.557373	-26.936783	0.50583196
63.657471	-26.936068	0.51840198
63.757568	-26.935972	0.5166688
63.857666	-26.935457	0.52995539
63.957764	-26.935009	0.54238015
64.057861	-26.93672	0.50469202
64.157959	-26.936764	0.49658889
64.258057	-26.933386	0.56288445
64.358154	-26.929041	0.65447795
64.458252	-26.927378	0.70839739
64.55835	-26.929474	0.65953797
64.658447	-26.933245	0.57513803
64.758545	-26.934469	0.53991193
64.858643	-26.932316	0.58060902
64.95874	-26.928684	0.65790498
65.058838	-26.929474	0.62908578
65.158936	-26.932894	0.569637
65.259033	-26.933146	0.55894941
65.359131	-26.935812	0.5100348
65.459229	-26.934597	0.51541203
65.559326	-26.933491	0.5491038
65.659424	-26.933483	0.53057551
65.759521	-26.933073	0.54838675
65.859619	-26.933601	0.53598863
65.959717	-26.936535	0.47512877
66.059814	-26.936474	0.4768073
66.159912	-26.933558	0.52936089
66.26001	-26.932106	0.54854405
66.360107	-26.932873	0.53215748
66.460205	-26.932905	0.51894051
66.560303	-26.933641	0.52370894
66.6604	-26.93137	0.56168365
66.760498	-26.930254	0.58343536
66.860596	-26.929195	0.61507899
66.960693	-26.930204	0.59006321
67.060791	-26.930233	0.5910989
67.160889	-26.929432	0.6125139
67.260986	-26.927734	0.64144725
67.361084	-26.928268	0.63563043
67.461182	-26.929201	0.60957843
67.561279	-26.928699	0.61008257
67.661377	-26.930706	0.57170427
67.761475	-26.930676	0.56551296
67.861572	-26.92857	0.60389262
67.96167	-26.928221	0.6128124
68.061768	-26.931162	0.55377603
68.161865	-26.934301	0.4853237
68.261963	-26.934324	0.46175945
68.362061	-26.931429	0.52158582
68.462158	-26.93289	0.50135833
68.562256	-26.933958	0.46753222
68.662354	-26.932028	0.49919274
68.762451	-26.93055	0.53335565
68.862549	-26.93211	0.51735073
68.962646	-26.93292	0.49863476
69.062744	-26.932976	0.49926665
69.162842	-26.931871	0.53054851
69.262939	-26.929094	0.58523989
69.363037	-26.927824	0.61172777
69.463135	-26.930138	0.5706985
69.563232	-26.927872	0.59513295
69.66333	-26.928732	0.59698385
69.763428	-26.928825	0.59617758
69.863525	-26.925812	0.65781766
69.963623	-26.922003	0.7423951
70.063721	-26.921459	0.75979018
70.163818	-26.924902	0.67506075
70.263916	-26.927753	0.60502481
70.364014	-26.928789	0.5890246
70.464111	-26.927074	0.62633657
70.564209	-26.927631	0.61983162
70.664307	-26.928183	0.61045861
70.764404	-26.928934	0.59859586
70.864502	-26.93054	0.54600972
70.9646	-26.930996	0.54147816
71.064697	-26.931356	0.53240967
71.164795	-26.930943	0.5317843
71.264893	-26.931324	0.51898211
71.36499	-26.930382	0.52018255
71.465088	-26.929972	0.53479648
71.565186	-26.928825	0.55913705
71.665283	-26.927383	0.58278495
71.765381	-26.929312	0.55287546
71.865479	-26.929314	0.53790909
71.965576	-26.928192	0.57252347
72.065674	-26.926247	0.61138499
72.165771	-26.924101	0.66706222
72.265869	-26.923176	0.68679076
72.365967	-26.922001	0.71380234
72.466064	-26.923008	0.67638284
72.566162	-26.924566	0.66005576
72.66626	-26.924274	0.66631389
72.766357	-26.921526	0.71544355
72.866455	-26.92095	0.73058778
72.966553	-26.922884	0.7001701
73.06665	-26.924847	0.65543687
73.166748	-26.926376	0.63318366
73.266846	-26.925308	0.64481562
73.366943	-26.926231	0.61768717
73.467041	-26.92807	0.59363365
73.567139	-26.92952	0.55761606
73.667236	-26.929895	0.55014658
73.767334	-26.931524	0.53123987
73.867432	-26.932331	0.50664449
73.967529	-26.932125	0.51665276
74.067627	-26.933294	0.48747167
74.167725	-26.933155	0.48459989
74.267822	-26.930908	0.53318471
74.36792	-26.929958	0.54593229
74.468018	-26.930363	0.53587419
74.568115	-26.928677	0.56423205
74.668213	-26.925976	0.61254185
74.768311	-26.9251	0.62884808
74.868408	-26.924702	0.63091213
74.968506	-26.922853	0.67817014
75.068604	-26.922657	0.69245386
75.168701	-26.921261	0.73264921
75.268799	-26.920881	0.73370707
75.368896	-26.920565	0.73786229
75.468994	-26.919691	0.75254709
75.569092	-26.920242	0.75229234
75.669189	-26.920214	0.74478424
75.769287	-26.918631	0.76385218
75.869385	-26.919113	0.76422983
75.969482	-26.919353	0.74439961
76.06958	-26.923096	0.65061015
76.169678	-26.9238	0.63908964
76.269775	-26.924732	0.61710393
76.369873	-26.924351	0.62320155
76.469971	-26.924482	0.62936598
76.570068	-26.924471	0.62078166
76.670166	-26.926611	0.57610279
76.770264	-26.928484	0.54365903
76.870361	-26.930143	0.51293302
76.970459	-26.928511	0.53862035
77.070557	-26.926302	0.59153801
77.170654	-26.924248	0.6108579
77.270752	-26.92444	0.62318158
77.37085	-26.92539	0.6041258
77.470947	-26.923552	0.63025826
77.571045	-26.921263	0.68283135
77.671143	-26.918625	0.73774725
77.77124	-26.92017	0.72570544
77.871338	-26.919668	0.7154265
77.971436	-26.916714	0.77516776
78.071533	-26.91625	0.79657584
78.171631	-26.917704	0.77799284
78.271729	-26.91872	0.76509815
78.371826	-26.919245	0.73774236
78.471924	-26.919258	0.75341743
78.572021	-26.91831	0.76098537
78.672119	-26.920523	0.7249459
78.772217	-26.921766	0.68566531
78.872314	-26.923294	0.66155791
78.972412	-26.923716	0.64696169
79.07251	-26.925526	0.60432583
79.172607	-26.927757	0.55385041
79.272705	-26.927412	0.55951995
79.372803	-26.927282	0.55716991
79.4729	-26.92606	0.57951128
79.572998	-26.927547	0.549977
79.673096	-26.927752	0.53727549
79.773193	-26.929708	0.48982748
79.873291	-26.928518	0.49401155
79.973389	-26.923166	0.59625244
80.073486	-26.916473	0.73782599
80.173584	-26.916979	0.73727524
80.273682	-26.919127	0.69558209
80.373779	-26.919342	0.68315953
80.473877	-26.919382	0.67678601
80.573975	-26.917519	0.73132277
80.674072	-26.913778	0.79629588
80.77417	-26.910872	0.85884017
80.874268	-26.910587	0.87592709
80.974365	-26.911848	0.85273039
81.074463	-26.915083	0.7877183
81.174561	-26.9156	0.77457601
81.274658	-26.91506	0.76882052
81.374756	-26.914831	0.78021318
81.474854	-26.914875	0.78947097
81.574951	-26.916641	0.74472052
81.675049	-26.919035	0.69359779
81.775146	-26.921171	0.64129424
81.875244	-26.920792	0.64066696
81.975342	-26.922874	0.60348803
82.075439	-26.924877	0.5676176
82.175537	-26.924353	0.56562871
82.275635	-26.922396	0.6114971
82.375732	-26.92194	0.62067062
82.47583	-26.923244	0.5894891
82.575928	-26.924095	0.56978554
82.676025	-26.924482	0.55420434
82.776123	-26.921576	0.61176234
82.876221	-26.919254	0.66873407
82.976318	-26.917385	0.70184106
83.076416	-26.917179	0.71735114
83.176514	-26.915483	0.74223065
83.276611	-26.916544	0.73280597
83.376709	-26.915876	0.73815286
83.476807	-26.914339	0.77832645
83.576904	-26.913383	0.80953813
83.677002	-26.912172	0.82494563
83.7771	-26.913214	0.80958682
83.877197	-26.913181	0.81074435
83.977295	-26.913929	0.79217923
84.077393	-26.915043	0.77086759
84.17749	-26.915606	0.746494
84.277588	-26.916292	0.73559433
84.377686	-26.917021	0.72979176
84.477783	-26.915249	0.76718009
84.577881	-26.916704	0.73987395
84.677979	-26.921846	0.63362116
84.778076	-26.92354	0.56902421
84.878174	-26.922331	0.58715498
84.978271	-26.918617	0.65827423
85.078369	-26.918381	0.66305912
85.178467	-26.919598	0.64067626
85.278564	-26.920649	0.61450237
85.378662	-26.920395	0.6124019
85.47876	-26.91856	0.64451951
85.578857	-26.918833	0.65914822
85.678955	-26.917349	0.67542148
85.779053	-26.916071	0.70289958
85.87915	-26.914059	0.73945892
85.979248	-26.912163	0.79273552
86.079346	-26.911774	0.80374348
86.179443	-26.911547	0.81088877
86.279541	-26.910751	0.83719283
86.379639	-26.910189	0.84129071
86.479736	-26.908096	0.89239079
86.579834	-26.908892	0.8815524
86.679932	-26.910145	0.8517589
86.780029	-26.9102	0.84156656
86.880127	-26.911982	0.80899775
86.980225	-26.913202	0.78128368
87.080322	-26.913351	0.7789095
87.18042	-26.91346	0.77513242
87.280518	-26.915436	0.73182034
87.380615	-26.916779	0.70093238
87.480713	-26.91753	0.6785202
87.580811	-26.918503	0.6550715
87.680908	-26.919441	0.63907593
87.781006	-26.921028	0.60568225
87.881104	-26.920849	0.59803867
87.981201	-26.918583	0.63471937
88.081299	-26.917234	0.6649726
88.181396	-26.916239	0.69143003
88.281494	-26.917997	0.65263075
88.381592	-26.918818	0.63066387
88.481689	-26.91876	0.64816809
88.581787	-26.915524	0.71476936
88.681885	-26.912615	0.77809286
88.781982	-26.908529	0.86147666
88.88208	-26.905174	0.93832767
88.982178	-26.905071	0.9564184
89.082275	-26.906721	0.91592687
89.182373	-26.908463	0.8792994
89.282471	-26.9084	0.88296425
89.382568	-26.904949	0.95584399
89.482666	-26.903561	0.97891212
89.582764	-26.904697	0.95607316
89.682861	-26.908504	0.88179213
89.782959	-26.912399	0.80957675
89.883057	-26.9137	0.76310265
89.983154	-26.912842	0.78389114
90.083252	-26.911493	0.80363917
90.18335	-26.913101	0.78547448
90.283447	-26.915003	0.73645544
90.383545	-26.916868	0.69036168
90.483643	-26.917343	0.66743445
90.58374	-26.918539	0.62195283
90.683838	-26.91783	0.64277005
90.783936	-26.919136	0.62482411
90.884033	-26.918545	0.6336028
90.984131	-26.91596	0.69547278
91.084229	-26.914764	0.71044391
91.184326	-26.914564	0.71407729
91.284424	-26.914339	0.71754181
91.384521	-26.911318	0.78227103
91.484619	-26.908636	0.8501904
91.584717	-26.90728	0.87151963
91.684814	-26.90814	0.86253351
91.784912	-26.907125	0.89663863
91.88501	-26.906126	0.92077035
91.985107	-26.905672	0.91560876
92.085205	-26.906712	0.89911151
92.185303	-26.904531	0.95037752
92.2854	-26.904715	0.9421733
92.385498	-26.905796	0.90988451
92.485596	-26.908735	0.83800644
92.585693	-26.90897	0.83162034
92.685791	-26.909592	0.83469743
92.785889	-26.910791	0.80002254
92.885986	-26.911642	0.76934206
92.986084	-26.910681	0.785321
93.086182	-26.91111	0.77547896
93.186279	-26.913425	0.72966993
93.286377	-26.914801	0.68260211
93.386475	-26.916107	0.64590454
93.486572	-26.914652	0.67107463
93.58667	-26.913267	0.69295681
93.686768	-26.913502	0.69453216
93.786865	-26.912205	0.71563226
93.886963	-26.911985	0.72447222
93.987061	-26.910713	0.75148642
94.087158	-26.907963	0.80698401
94.187256	-26.905249	0.86228251
94.287354	-26.903667	0.91691041
94.387451	-26.903502	0.93451256
94.487549	-26.902893	0.9620893
94.587646	-26.901463	0.98638654
94.687744	-26.901318	1.0049729
94.787842	-26.901464	0.96960795
94.887939	-26.902929	0.9339301
94.988037	-26.903582	0.9291417
95.088135	-26.901844	0.97234535
95.188232	-26.902342	0.96628445
95.28833	-26.903095	0.93104494
95.388428	-26.906343	0.87115312
95.488525	-26.908529	0.81034929
95.588623	-26.908579	0.79894251
95.688721	-26.909628	0.77138889
95.788818	-26.911842	0.72969025
95.888916	-26.911592	0.73325872
95.989014	-26.911999	0.70826453
96.089111	-26.914291	0.66053444
96.189209	-26.914101	0.65148318
96.289307	-26.912319	0.68422669
96.389404	-26.911421	0.70049679
96.489502	-26.911486	0.69672638
96.5896	-26.910198	0.73039961
96.689697	-26.909737	0.73919195
96.789795	-26.906324	0.80873901
96.889893	-26.904078	0.85834759
96.98999	-26.903152	0.87882876
97.090088	-26.902626	0.89104503
97.190186	-26.901173	0.94273049
97.290283	-26.898972	0.98601413
97.390381	-26.899969	0.98545176
97.490479	-26.899176	0.9964692
97.590576	-26.8993	0.99611712
97.690674	-26.900169	0.98635966
97.790771	-26.899279	0.98662591
97.890869	-26.900608	0.96145225
97.990967	-26.900103	0.97346747
98.091064	-26.902294	0.93010962
98.191162	-26.905857	0.84710985
98.29126	-26.908054	0.78666288
98.391357	-26.908524	0.76854706
98.491455	-26.908285	0.76813716
98.591553	-26.909178	0.7485311
98.69165	-26.910231	0.71252155
98.791748	-26.909657	0.71785337
98.891846	-26.910885	0.66578066
98.991943	-26.912039	0.64930987
99.092041	-26.911907	0.65487754
99.192139	-26.911861	0.64123046
99.292236	-26.909609	0.69035608
99.392334	-26.904188	0.79848242
99.492432	-26.902721	0.83453238
99.592529	-26.902094	0.84241462
99.692627	-26.902075	0.84799844
99.792725	-26.90209	0.85760361
99.892822	-26.899523	0.91473329
99.99292	-26.897373	0.98708224
100.09302	-26.894798	1.0541217
100.19312	-26.894302	1.066965
100.29321	-26.897276	0.99818569
100.39331	-26.897814	0.97673535
100.49341	-26.896427	1.015192
100.59351	-26.896053	1.013492
100.6936	-26.897411	0.9865365
100.7937	-26.898701	0.96062785
100.8938	-26.90111	0.9138757
100.9939	-26.901495	0.89206755
101.09399	-26.903229	0.85992879
101.19409	-26.905186	0.80367142
101.29419	-26.907818	0.74509436
101.39429	-26.907547	0.73852634
101.49438	-26.905798	0.77204984
101.59448	-26.906702	0.74878085
101.69458	-26.907297	0.72815883
101.79468	-26.907497	0.7022298
101.89478	-26.907465	0.72112387
101.99487	-26.904842	0.76721531
102.09497	-26.903852	0.78567731
102.19507	-26.903454	0.79454768
102.29517	-26.902088	0.83267397
102.39526	-26.903069	0.80827099
102.49536	-26.899855	0.86282146
102.59546	-26.895502	0.95686805
102.69556	-26.890936	1.0656011
102.79565	-26.890711	1.0860479
102.89575	-26.892971	1.0423369
102.99585	-26.892029	1.062397
103.09595	-26.891315	1.0916343
103.19604	-26.892	1.068295
103.29614	-26.893236	1.0487714
103.39624	-26.894054	1.0183372
103.49634	-26.893282	1.0401467
103.59644	-26.894035	1.0124912
103.69653	-26.89517	1.0071906
103.79663	-26.895441	0.98354697
103.89673	-26.898054	0.9256798
103.99683	-26.901331	0.84788072
104.09692	-26.901163	0.82503235
104.19702	-26.902283	0.8019551
104.29712	-26.902748	0.78932381
104.39722	-26.902435	0.79467434
104.49731	-26.90299	0.78030896
104.59741	-26.902983	0.78019035
104.69751	-26.901867	0.80908245
104.79761	-26.900749	0.81811428
104.89771	-26.901962	0.80896437
104.9978	-26.900566	0.8381992
105.0979	-26.897982	0.89572996
105.198	-26.895367	0.96797895
105.2981	-26.894438	0.98394835
105.39819	-26.894882	0.96675324
105.49829	-26.893394	0.98715919
105.59839	-26.891718	1.0369067
105.69849	-26.88949	1.1038333
105.79858	-26.888779	1.1101516
105.89868	-26.890104	1.07921
105.99878	-26.891811	1.058056
106.09888	-26.892437	1.0421848
106.19897	-26.892979	1.0232626
106.29907	-26.894196	1.0063037
106.39917	-26.893206	1.0083827
106.49927	-26.895054	0.96734655
106.59937	-26.897093	0.91928989
106.69946	-26.899139	0.857081
106.79956	-26.900826	0.8123666
106.89966	-26.902937	0.78355843
106.99976	-26.902313	0.77267671
107.09985	-26.903702	0.75428122
107.19995	-26.902815	0.75673711
107.30005	-26.902605	0.75629252
107.40015	-26.901316	0.78153938
107.50024	-26.900932	0.79858088
107.60034	-26.897892	0.85054582
107.70044	-26.897371	0.85857534
107.80054	-26.895521	0.9040001
107.90063	-26.893133	0.971829
108.00073	-26.891487	1.0175717
108.10083	-26.889402	1.0672002
108.20093	-26.891008	1.0405217
108.30103	-26.889894	1.0656863
108.40112	-26.888905	1.0839761
108.50122	-26.88732	1.133558
108.60132	-26.886793	1.1482182
108.70142	-26.885506	1.1877048
108.80151	-26.88682	1.1659936
108.90161	-26.889397	1.1116055
109.00171	-26.890804	1.0636649
109.10181	-26.892603	1.0139489
109.2019	-26.892225	1.0100579
109.302	-26.892246	1.0016518
109.4021	-26.891876	1.0063899
109.5022	-26.895308	0.93889225
109.60229	-26.89646	0.88674569
109.70239	-26.899483	0.81486654
109.80249	-26.900192	0.79054201
109.90259	-26.899168	0.80511409
110.00269	-26.89786	0.83643943
110.10278	-26.897669	0.83701813
110.20288	-26.898703	0.82704556
110.30298	-26.898596	0.82778221
110.40308	-26.897722	0.83525628
110.50317	-26.895744	0.87708712
110.60327	-26.895103	0.89211231
110.70337	-26.893616	0.9206568
110.80347	-26.892336	0.96731013
110.90356	-26.889303	1.0385834
111.00366	-26.88751	1.097266
111.10376	-26.885792	1.1456513
111.20386	-26.886335	1.1351165
111.30396	-26.887352	1.1225104
111.40405	-26.886421	1.1349037
111.50415	-26.884874	1.1692441
111.60425	-26.885122	1.1649755
111.70435	-26.883299	1.2084459
111.80444	-26.883562	1.1916994
111.90454	-26.886366	1.122334
112.00464	-26.89028	1.0204804
112.10474	-26.891241	0.98602742
112.20483	-26.891722	0.98462307
112.30493	-26.891701	0.97406548
112.40503	-26.893869	0.91899621
112.50513	-26.895149	0.88112116
112.60522	-26.894955	0.8672477
112.70532	-26.895601	0.8529014
112.80542	-26.89501	0.83865571
112.90552	-26.895712	0.82731217
113.00562	-26.894674	0.83754349
113.10571	-26.89234	0.88206965
113.20581	-26.892048	0.90734744
113.30591	-26.890356	0.94928718
113.40601	-26.889608	0.96146125
113.5061	-26.888552	0.98560715
113.6062	-26.886183	1.0462884
113.7063	-26.885143	1.0656158
113.8064	-26.885099	1.1008919
113.90649	-26.883644	1.1320871
114.00659	-26.882339	1.1627492
114.10669	-26.881214	1.1886991
114.20679	-26.88105	1.1989297
114.30688	-26.881344	1.1933961
114.40698	-26.880522	1.2047158
114.50708	-26.881662	1.1802655
114.60718	-26.884565	1.1086476
114.70728	-26.885628	1.0752293
114.80737	-26.887131	1.0454684
114.90747	-26.888214	1.0068407
115.00757	-26.887928	1.0128788
115.10767	-26.887848	1.0097883
115.20776	-26.889626	0.95972335
115.30786	-26.891909	0.91246003
115.40796	-26.894403	0.82829487
115.50806	-26.894171	0.82594627
115.60815	-26.893419	0.85705733
115.70825	-26.89126	0.88584441
115.80835	-26.891193	0.87823927
115.90845	-26.890707	0.8939513
116.00854	-26.890547	0.90585834
116.10864	-26.891998	0.85927731
116.20874	-26.891054	0.8760497
116.30884	-26.887331	0.95590466
116.40894	-26.881771	1.0940959
116.50903	-26.877964	1.2020912
116.60913	-26.877287	1.2219685
116.70923	-26.879429	1.1848297
116.80933	-26.879551	1.1635463
116.90942	-26.880575	1.1571618
117.00952	-26.879284	1.1879019
117.10962	-26.878042	1.2248918
117.20972	-26.878393	1.2206645
117.30981	-26.879425	1.1989149
117.40991	-26.881155	1.1605563
117.51001	-26.882767	1.1125416
117.61011	-26.883585	1.095341
117.71021	-26.883299	1.0916934
117.8103	-26.883825	1.0737813
117.9104	-26.885777	1.0308708
118.0105	-26.888266	0.96218032
118.1106	-26.88904	0.93116677
118.21069	-26.890907	0.87165701
118.31079	-26.890213	0.88824052
118.41089	-26.888264	0.94438952
118.51099	-26.886709	0.96866149
118.61108	-26.887899	0.94061023
118.71118	-26.887955	0.929874
118.81128	-26.886257	0.9530558
118.91138	-26.884281	1.0020641
119.01147	-26.883247	1.0359166
119.11157	-26.880249	1.1031674
119.21167	-26.878786	1.144248
119.31177	-26.877754	1.1870214
119.41187	-26.876633	1.2027156
119.51196	-26.876413	1.2141585
119.61206	-26.877312	1.2010484
119.71216	-26.876383	1.2094386
119.81226	-26.874691	1.2603391
119.91235	-26.874203	1.2721084
120.01245	-26.875788	1.2354304
120.11255	-26.878374	1.1787721
120.21265	-26.879999	1.1256169
120.31274	-26.882174	1.076224
120.41284	-26.884195	1.0407891
120.51294	-26.882977	1.0400923
120.61304	-26.883224	1.0305347
120.71313	-26.884024	1.0235637
120.81323	-26.885044	0.98611087
120.91333	-26.885376	0.98850077
121.01343	-26.88681	0.95223814
121.11353	-26.887724	0.90348917
121.21362	-26.887199	0.90305096
121.31372	-26.883871	0.96341193
121.41382	-26.881014	1.0320547
121.51392	-26.880053	1.0649382
121.61401	-26.880749	1.0536273
121.71411	-26.879379	1.0778524
121.81421	-26.879253	1.0801269
121.91431	-26.87813	1.1030642
122.0144	-26.876019	1.1603991
122.1145	-26.873964	1.209856
122.2146	-26.872616	1.2606343
122.3147	-26.872906	1.2581565
122.41479	-26.872385	1.2691267
122.51489	-26.874323	1.2265182
122.61499	-26.873091	1.24749
122.71509	-26.873308	1.2528839
122.81519	-26.873013	1.2412717
122.91528	-26.874159	1.2294549
123.01538	-26.874557	1.2159711
123.11548	-26.875008	1.1852677
123.21558	-26.875845	1.1669489
123.31567	-26.878941	1.0969291
123.41577	-26.88089	1.0326153
123.51587	-26.881573	1.0053837
123.61597	-26.883434	0.97108394
123.71606	-26.884275	0.94155788
123.81616	-26.884226	0.94025636
123.91626	-26.883078	0.95728618
124.01636	-26.883698	0.96695703
124.11646	-26.88345	0.95816118
124.21655	-26.883181	0.95181638
124.31665	-26.882813	0.9553867
124.41675	-26.881895	0.98739737
124.51685	-26.879917	1.034019
124.61694	-26.879307	1.0603131
124.71704	-26.87846	1.0802829
124.81714	-26.876457	1.1282893
124.91724	-26.875351	1.1666142
125.01733	-26.873617	1.2058427
125.11743	-26.871555	1.2553289
125.21753	-26.868748	1.3305429
125.31763	-26.866377	1.3808241
125.41772	-26.866676	1.3753583
125.51782	-26.867647	1.3494041
125.61792	-26.870619	1.2633827
125.71802	-26.871483	1.2445042
125.81812	-26.87224	1.2094134
125.91821	-26.874012	1.1777055
126.01831	-26.873655	1.1742326
126.11841	-26.873695	1.1786445
126.21851	-26.874952	1.148834
126.3186	-26.875345	1.1171342
126.4187	-26.876801	1.0838755
126.5188	-26.878679	1.0226715
126.6189	-26.880339	0.98144251
126.71899	-26.880173	0.96813756
126.81909	-26.880014	0.97895634
126.91919	-26.877987	1.0074849
127.01929	-26.877258	1.0455832
127.11938	-26.875431	1.052494
127.21948	-26.875164	1.051613
127.31958	-26.874762	1.0650108
127.41968	-26.872416	1.133464
127.51978	-26.870382	1.1753438
127.61987	-26.868408	1.2251687
127.71997	-26.867014	1.2605041
127.82007	-26.86586	1.3080952
127.92017	-26.865637	1.3164696
128.02026	-26.865601	1.3224869
128.12036	-26.867157	1.2993401
128.22046	-26.867273	1.2883651
128.32056	-26.867277	1.2858011
128.42065	-26.867249	1.284539
128.52075	-26.867643	1.2818106
128.62085	-26.869823	1.2216899
128.72095	-26.871262	1.188741
128.82104	-26.87265	1.1443791
128.92114	-26.87328	1.1269535
129.02124	-26.874754	1.0903157
129.12134	-26.877064	1.0246537
129.22144	-26.878843	0.9986183
129.32153	-26.879183	0.98495013
129.42163	-26.879599	0.95825577
129.52173	-26.879513	0.9548586
129.62183	-26.878084	0.99930751
129.72192	-26.875509	1.0507761
129.82202	-26.876059	1.0479472
129.92212	-26.875198	1.0527405
130.02222	-26.87586	1.0329043
130.12231	-26.877005	1.0033984
130.22241	-26.874577	1.0534614
130.32251	-26.869759	1.1737996
130.42261	-26.865505	1.2770749
130.52271	-26.863726	1.3283348
130.6228	-26.863348	1.3487924
130.7229	-26.864346	1.3318392
130.823	-26.86458	1.3162862
130.9231	-26.86381	1.3303331
131.02319	-26.862661	1.3568404
131.12329	-26.86256	1.3536211
131.22339	-26.863314	1.3312573
131.32349	-26.865204	1.2784116
131.42358	-26.867598	1.2240622
131.52368	-26.868702	1.1927235
131.62378	-26.868927	1.1689303
131.72388	-26.869337	1.1590098
131.82397	-26.870081	1.1425779
131.92407	-26.870235	1.1368222
132.02417	-26.87048	1.1219662
132.12427	-26.87203	1.0992907
132.22437	-26.871981	1.0659928
132.32446	-26.871744	1.0618318
132.42456	-26.871731	1.0601531
132.52466	-26.872013	1.0636054
132.62476	-26.870853	1.077021
132.72485	-26.870541	1.0799248
132.82495	-26.867819	1.1465087
132.92505	-26.86751	1.1564801
133.02515	-26.867607	1.1517042
133.12524	-26.865429	1.1946386
133.22534	-26.864134	1.2404436
133.32544	-26.861816	1.2988007
133.42554	-26.861197	1.3255441
133.52563	-26.860382	1.3486817
133.62573	-26.859917	1.3613987
133.72583	-26.859089	1.3647933
133.82593	-26.860342	1.3467683
133.92603	-26.860907	1.3387681
134.02612	-26.860613	1.3323444
134.12622	-26.861536	1.3206812
134.22632	-26.863026	1.279658
134.32642	-26.864122	1.2539203
134.42651	-26.864981	1.240756
134.52661	-26.865791	1.1956172
134.62671	-26.868011	1.1456883
134.72681	-26.869276	1.107177
134.8269	-26.867043	1.1506425
134.927	-26.866783	1.1553302
135.0271	-26.86825	1.1149694
135.1272	-26.868149	1.1072725
135.22729	-26.868393	1.0869453
135.32739	-26.867657	1.0850606
135.42749	-26.866644	1.1132737
135.52759	-26.865349	1.1514934
135.62769	-26.863621	1.1893662
135.72778	-26.86211	1.21452
135.82788	-26.861893	1.2344838
135.92798	-26.861368	1.2475168
136.02808	-26.861303	1.2462114
136.12817	-26.860931	1.2623724
136.22827	-26.858797	1.3115546
136.32837	-26.857958	1.3414021
136.42847	-26.856598	1.3673626
136.52856	-26.856932	1.3757784
136.62866	-26.855986	1.3745718
136.72876	-26.857264	1.3534497
136.82886	-26.856947	1.3558503
136.92896	-26.856781	1.3595357
137.02905	-26.85696	1.359058
137.12915	-26.857433	1.3313237
137.22925	-26.861357	1.2301807
137.32935	-26.861801	1.2082046
137.42944	-26.86351	1.1697851
137.52954	-26.863914	1.1438911
137.62964	-26.863867	1.1491535
137.72974	-26.863577	1.151673
137.82983	-26.864319	1.1342489
137.92993	-26.864952	1.1197305
138.03003	-26.865166	1.1095028
138.13013	-26.86507	1.0988009
138.23022	-26.86434	1.1014115
138.33032	-26.863033	1.1307665
138.43042	-26.86129	1.1836041
138.53052	-26.859097	1.2446088
138.63062	-26.859158	1.2517658
138.73071	-26.858763	1.2602074
138.83081	-26.857281	1.2883447
138.93091	-26.856609	1.3050646
139.03101	-26.856176	1.3332281
139.1311	-26.854261	1.3654044
139.2312	-26.85239	1.4098874
139.3313	-26.852472	1.4002309
139.4314	-26.85368	1.3759286
139.53149	-26.852528	1.4068512
139.63159	-26.850958	1.4454188
139.73169	-26.85107	1.4311862
139.83179	-26.852013	1.4076865
139.93188	-26.854063	1.3526642
140.03198	-26.855867	1.317529
140.13208	-26.857748	1.2700064
140.23218	-26.858397	1.2455958
140.33228	-26.860245	1.1994846
140.43237	-26.861622	1.1683826
140.53247	-26.861383	1.1598375
140.63257	-26.860966	1.1586052
140.73267	-26.860037	1.1832769
140.83276	-26.858992	1.1966383
140.93286	-26.858513	1.2154741
141.03296	-26.858727	1.2085757
141.13306	-26.859121	1.2005378
141.23315	-26.858761	1.1967872
141.33325	-26.858063	1.2132028
141.43335	-26.856323	1.2427187
141.53345	-26.853968	1.312461
141.63354	-26.853275	1.3611383
141.73364	-26.851761	1.3876388
141.83374	-26.852093	1.3715422
141.93384	-26.851114	1.3950366
142.03394	-26.850523	1.3992501
142.13403	-26.850216	1.4026198
142.23413	-26.849611	1.4247521
142.33423	-26.848928	1.4414684
142.43433	-26.84812	1.4382178
142.53442	-26.849861	1.4049783
142.63452	-26.850948	1.360027
142.73462	-26.851965	1.3392503
142.83472	-26.851597	1.3402841
142.93481	-26.852692	1.3136549
143.03491	-26.852766	1.3219274
143.13501	-26.85387	1.2932675
143.23511	-26.856129	1.2267882
143.33521	-26.857861	1.1892022
143.4353	-26.857353	1.1939929
143.5354	-26.857042	1.1903896
143.6355	-26.857	1.2070426
143.7356	-26.856876	1.2012194
143.83569	-26.856842	1.1946512
143.93579	-26.856133	1.2283304
144.03589	-26.855684	1.2327995
144.13599	-26.854696	1.2459952
144.23608	-26.854012	1.2663777
144.33618	-26.853041	1.2859819
144.43628	-26.850859	1.3408908
144.53638	-26.85038	1.3789861
144.63647	-26.849617	1.3690069
144.73657	-26.849945	1.3649441
144.83667	-26.849861	1.3607911
144.93677	-26.85004	1.3612909
145.03687	-26.848932	1.3912202
145.13696	-26.847614	1.4145182
145.23706	-26.84688	1.4386656
145.33716	-26.847176	1.433081
145.43726	-26.848141	1.4162818
145.53735	-26.849072	1.3867127
145.63745	-26.849987	1.3484765
145.73755	-26.850468	1.3468696
145.83765	-26.850674	1.329809
145.93774	-26.850405	1.3383261
146.03784	-26.850269	1.3422968
146.13794	-26.85062	1.3269376
146.23804	-26.850925	1.3204548
146.33813	-26.852543	1.2795503
146.43823	-26.853304	1.2524649
146.53833	-26.853359	1.2564878
146.63843	-26.851871	1.2834218
146.73853	-26.851141	1.2903613
146.83862	-26.850037	1.3192725
146.93872	-26.850016	1.3212457
147.03882	-26.849489	1.3340248
147.13892	-26.848866	1.3500965
147.23901	-26.849644	1.3384644
147.33911	-26.847595	1.3739662
147.43921	-26.847727	1.376671
147.53931	-26.846464	1.4204737
147.6394	-26.844627	1.4600047
147.7395	-26.845079	1.4553666
147.8396	-26.844929	1.4534706
147.9397	-26.845827	1.4350935
148.03979	-26.845755	1.4352196
148.13989	-26.845314	1.4395232
148.23999	-26.846586	1.4276727
148.34009	-26.846924	1.3978839
148.44019	-26.848215	1.3765804
148.54028	-26.848465	1.359846
148.64038	-26.849377	1.3283827
148.74048	-26.850634	1.2919929
148.84058	-26.8501	1.2883972
148.94067	-26.849951	1.2913492
149.04077	-26.849022	1.3157021
149.14087	-26.849588	1.2880594
149.24097	-26.849693	1.2762222
149.34106	-26.850323	1.2559724
149.44116	-26.850519	1.2555975
149.54126	-26.848606	1.2910293
149.64136	-26.848038	1.3034739
149.74146	-26.846436	1.3426111
149.84155	-26.847399	1.3206315
149.94165	-26.849165	1.2792199
150.04175	-26.848074	1.3015368
150.14185	-26.846952	1.3326714
150.24194	-26.845934	1.3618492
150.34204	-26.844526	1.388849
150.44214	-26.842648	1.437219
150.54224	-26.841137	1.4837961
150.64233	-26.8405	1.495163
150.74243	-26.839739	1.5052419
150.84253	-26.840103	1.4935273
150.94263	-26.841528	1.4626966
151.04272	-26.841255	1.4527117
151.14282	-26.841614	1.4504422
151.24292	-26.841259	1.4564171
151.34302	-26.841148	1.4604328
151.44312	-26.841766	1.44021
151.54321	-26.843313	1.3983136
151.64331	-26.845142	1.3486698
151.74341	-26.84483	1.3380983
151.84351	-26.846182	1.30688
151.9436	-26.84568	1.2984918
152.0437	-26.845633	1.3000289
152.1438	-26.846598	1.2855784
152.2439	-26.846338	1.3017476
152.34399	-26.845306	1.3207442
152.44409	-26.844828	1.331672
152.54419	-26.844343	1.3394903
152.64429	-26.843929	1.3706461
152.74438	-26.842512	1.409631
152.84448	-26.84277	1.4079285
152.94458	-26.841877	1.4061984
153.04468	-26.840881	1.4344405
153.14478	-26.840687	1.4427022
153.24487	-26.840508	1.446631
153.34497	-26.838991	1.4752986
153.44507	-26.839725	1.4654207
153.54517	-26.840185	1.4671142
153.64526	-26.84059	1.4547126
153.74536	-26.840895	1.4444522
153.84546	-26.841545	1.4317126
153.94556	-26.842367	1.4287403
154.04565	-26.840969	1.4538188
154.14575	-26.841135	1.4733495
154.24585	-26.840446	1.4858253
154.34595	-26.841293	1.4348885
154.44604	-26.8431	1.3835206
154.54614	-26.843349	1.3649316
154.64624	-26.84347	1.3547603
154.74634	-26.842731	1.3831179
154.84644	-26.840399	1.4314983
154.94653	-26.839087	1.4495164
155.04663	-26.838848	1.4568379
155.14673	-26.840752	1.4025459
155.24683	-26.841812	1.3596584
155.34692	-26.840979	1.368095
155.44702	-26.841055	1.378306
155.54712	-26.840502	1.3746761
155.64722	-26.839296	1.4053352
155.74731	-26.83811	1.4411427
155.84741	-26.83732	1.4410491
155.94751	-26.837992	1.4405845
156.04761	-26.838245	1.4302539
156.14771	-26.837664	1.4366634
156.2478	-26.837603	1.4562516
156.3479	-26.836548	1.4947294
156.448	-26.835785	1.4918907
156.5481	-26.835722	1.494572
156.64819	-26.834944	1.5230372
156.74829	-26.834824	1.5182416
156.84839	-26.834795	1.5158237
156.94849	-26.834948	1.509222
157.04858	-26.835283	1.4863302
157.14868	-26.835035	1.4892225
157.24878	-26.836403	1.4611489
157.34888	-26.836763	1.4535669
157.44897	-26.836739	1.4379458
157.54907	-26.837925	1.4264028
157.64917	-26.83816	1.4204097
157.74927	-26.838408	1.3994122
157.84937	-26.838501	1.4036694
157.94946	-26.83902	1.3902125
158.04956	-26.838709	1.3837175
158.14966	-26.83798	1.4064513
158.24976	-26.838072	1.4021721
158.34985	-26.836761	1.4352461
158.44995	-26.836563	1.435917
158.55005	-26.836172	1.4487311
158.65015	-26.834913	1.4786736
158.75024	-26.834787	1.4858308
158.85034	-26.835268	1.4702301
158.95044	-26.835564	1.4478886
159.05054	-26.8356	1.4582052
159.15063	-26.835318	1.4587671
159.25073	-26.833838	1.5048932
159.35083	-26.832277	1.5487297
159.45093	-26.833141	1.5337194
159.55103	-26.832685	1.5339159
159.65112	-26.833576	1.4919226
159.75122	-26.834436	1.4837928
159.85132	-26.83304	1.5000528
159.95142	-26.832495	1.4950677
160.05151	-26.833263	1.4973154
160.15161	-26.832821	1.4947678
160.25171	-26.832596	1.4957964
160.35181	-26.833427	1.4536988
160.4519	-26.834454	1.4208907
160.552	-26.833359	1.4342749
160.6521	-26.832943	1.4370408
160.7522	-26.832016	1.4705096
160.85229	-26.831715	1.4725751
160.95239	-26.831249	1.4802933
161.05249	-26.830782	1.4741964
161.15259	-26.831934	1.4418778
161.25269	-26.832369	1.4366398
161.35278	-26.832529	1.4210384
161.45288	-26.831282	1.4536825
161.55298	-26.830173	1.4920824
161.65308	-26.828352	1.5295084
161.75317	-26.826944	1.5626075
161.85327	-26.826639	1.5674498
161.95337	-26.827608	1.540728
162.05347	-26.829746	1.483858
162.15356	-26.82925	1.4975675
162.25366	-26.828176	1.5278587
162.35376	-26.828091	1.5435288
162.45386	-26.82659	1.565877
162.55396	-26.82621	1.5754526
162.65405	-26.826447	1.5581701
162.75415	-26.826345	1.5542008
162.85425	-26.826338	1.5516622
162.95435	-26.82637	1.5513183
163.05444	-26.827057	1.5250925
163.15454	-26.826979	1.5277977
163.25464	-26.826979	1.5181234
163.35474	-26.82872	1.4673032
163.45483	-26.829676	1.4390807
163.55493	-26.829626	1.4191856
163.65503	-26.830002	1.424498
163.75513	-26.828682	1.4511851
163.85522	-26.827312	1.4779902
163.95532	-26.826897	1.483858
164.05542	-26.827127	1.4744505
164.15552	-26.827137	1.4671025
164.25562	-26.828617	1.4214779
164.35571	-26.827927	1.4387172
164.45581	-26.828459	1.4340571
164.55591	-26.827198	1.4758986
164.65601	-26.826166	1.5059404
164.7561	-26.826519	1.4693284
164.8562	-26.825598	1.5119513
164.9563	-26.825439	1.5191376
165.0564	-26.824667	1.5533541
165.15649	-26.824215	1.5591638
165.25659	-26.823988	1.5841571
165.35669	-26.823307	1.6065089
165.45679	-26.821531	1.6278538
165.55688	-26.822718	1.6050385
165.65698	-26.82373	1.5747648
165.75708	-26.825233	1.5282919
165.85718	-26.825115	1.5318127
165.95728	-26.82465	1.5265799
166.05737	-26.822788	1.5624871
166.15747	-26.822691	1.577168
166.25757	-26.823498	1.5422171
166.35767	-26.82399	1.5210288
166.45776	-26.825146	1.4740951
166.55786	-26.826023	1.450604
166.65796	-26.826462	1.438277
166.75806	-26.825024	1.4715861
166.85815	-26.825096	1.4563663
166.95825	-26.824505	1.4672934
167.05835	-26.824289	1.4623666
167.15845	-26.824705	1.4591265
167.25854	-26.824423	1.4582999
167.35864	-26.823647	1.4787853
167.45874	-26.823254	1.5127336
167.55884	-26.820509	1.5669717
167.65894	-26.819221	1.5947866
167.75903	-26.816298	1.681149
167.85913	-26.819422	1.5856109
167.95923	-26.820166	1.5770743
168.05933	-26.819857	1.5891781
168.15942	-26.819252	1.6014333
168.25952	-26.818203	1.6333807
168.35962	-26.819212	1.5980269
168.45972	-26.819967	1.589756
168.55981	-26.820023	1.580642
168.65991	-26.819571	1.5939667
168.76001	-26.820206	1.5757099
168.86011	-26.820927	1.5571686
168.96021	-26.822083	1.5268521
169.0603	-26.822361	1.4852846
169.1604	-26.821136	1.5259807
169.2605	-26.81978	1.5674342
169.3606	-26.819256	1.5564984
169.46069	-26.820475	1.5205193
169.56079	-26.820982	1.4925369
169.66089	-26.820852	1.4967239
169.76099	-26.820038	1.5046813
169.86108	-26.820986	1.5044459
169.96118	-26.820631	1.499819
170.06128	-26.818987	1.5366535
170.16138	-26.817472	1.5711749
170.26147	-26.816698	1.5900626
170.36157	-26.81673	1.5904838
170.46167	-26.815689	1.637115
170.56177	-26.814823	1.6496317
170.66187	-26.815033	1.6495519
170.76196	-26.814325	1.6673802
170.86206	-26.814405	1.6560726
170.96216	-26.814688	1.6527159
171.06226	-26.813663	1.6764003
171.16235	-26.812946	1.7026047
171.26245	-26.813469	1.6802697
171.36255	-26.81251	1.6891218
171.46265	-26.812983	1.67153
171.56274	-26.814571	1.621727
171.66284	-26.814791	1.6151249
171.76294	-26.814734	1.5974286
171.86304	-26.814995	1.5839477
171.96313	-26.815975	1.566317
172.06323	-26.815975	1.546609
172.16333	-26.817087	1.5156868
172.26343	-26.817728	1.4873532
172.36353	-26.818563	1.4652011
172.46362	-26.816612	1.5016541
172.56372	-26.816319	1.5105498
172.66382	-26.815819	1.5163851
172.76392	-26.815285	1.545149
172.86401	-26.814968	1.5326778
172.96411	-26.815258	1.5339426
173.06421	-26.81505	1.5283706
173.16431	-26.813097	1.578177
173.2644	-26.812429	1.610983
173.3645	-26.810619	1.6593322
173.4646	-26.808306	1.70289
173.5647	-26.807779	1.7084919
173.66479	-26.808519	1.694368
173.76489	-26.808142	1.6947098
173.86499	-26.808907	1.6691692
173.96509	-26.808788	1.6686052
174.06519	-26.808828	1.6683524
174.16528	-26.808678	1.6777809
174.26538	-26.807959	1.7054752
174.36548	-26.807131	1.721266
174.46558	-26.807701	1.7041937
174.56567	-26.808086	1.6774648
174.66577	-26.810736	1.6157049
174.76587	-26.810019	1.6163334
174.86597	-26.810394	1.5942128
174.96606	-26.811291	1.580616
175.06616	-26.810978	1.5705682
175.16626	-26.810097	1.5690663
175.26636	-26.810369	1.5688837
175.36646	-26.81101	1.5517129
175.46655	-26.810589	1.555464
175.56665	-26.80887	1.5695815
175.66675	-26.807346	1.6164097
175.76685	-26.805988	1.6291718
175.86694	-26.806662	1.6081393
175.96704	-26.807423	1.59896
176.06714	-26.806847	1.6032093
176.16724	-26.805611	1.6338874
176.26733	-26.803335	1.6911263
176.36743	-26.80286	1.7116312
176.46753	-26.801306	1.7313904
176.56763	-26.801247	1.7527868
176.66772	-26.80015	1.7571975
176.76782	-26.801546	1.7334898
176.86792	-26.800913	1.7351258
176.96802	-26.801617	1.7169441
177.06812	-26.802465	1.6808923
177.16821	-26.8029	1.6599962
177.26831	-26.803696	1.6525116
177.36841	-26.804585	1.6336054
177.46851	-26.802906	1.6825891
177.5686	-26.802696	1.6618309
177.6687	-26.803913	1.6350223
177.7688	-26.804836	1.5926745
177.8689	-26.804974	1.5782841
177.96899	-26.804865	1.5800207
178.06909	-26.80549	1.5587679
178.16919	-26.806414	1.5337976
178.26929	-26.805582	1.5454267
178.36938	-26.805084	1.5545102
178.46948	-26.804726	1.5714144
178.56958	-26.804411	1.586973
178.66968	-26.804213	1.5887954
178.76978	-26.802916	1.6237758
178.86987	-26.801834	1.6469922
178.96997	-26.801048	1.6692024
179.07007	-26.800285	1.6866879
179.17017	-26.799532	1.7100576
179.27026	-26.798208	1.7316515
179.37036	-26.796993	1.7587829
179.47046	-26.796642	1.7565671
179.57056	-26.796953	1.7342521