MTS793|MPT|ENU|1|2|.|/|:|1|0|0|A

Data Acquisition						Time:	102.58643	Sec	5/8/2017 6:19:50 PM
Time	Axial Displacement	Axial Force
Sec	mm	N
0.17089844	-26.439228	0.36851913
0.27099609	-26.441517	0.33252811
0.37109375	-26.441366	0.33280024
0.47119141	-26.442488	0.32435009
0.57128906	-26.443651	0.30818108
0.67138672	-26.443359	0.31811035
0.77148438	-26.444126	0.30622831
0.87158203	-26.445211	0.29223597
0.97167969	-26.446354	0.26248193
1.0717773	-26.446941	0.25193897
1.171875	-26.445707	0.2586711
1.2719727	-26.446613	0.23837306
1.3720703	-26.447206	0.23126948
1.472168	-26.447351	0.22924726
1.5722656	-26.446777	0.21854085
1.6723633	-26.446289	0.21623331
1.7724609	-26.445726	0.2353031
1.8725586	-26.446453	0.21024722
1.9726563	-26.447222	0.19935417
2.0727539	-26.444012	0.23739295
2.1728516	-26.444174	0.23847571
2.2729492	-26.443438	0.25847697
2.3730469	-26.44289	0.2649774
2.4731445	-26.441839	0.29116693
2.5732422	-26.440863	0.31825185
2.6733398	-26.44145	0.30840552
2.7734375	-26.441095	0.30870512
2.8735352	-26.439564	0.3415834
2.9736328	-26.437737	0.36830896
3.0737305	-26.439613	0.35185939
3.1738281	-26.440735	0.32601601
3.2739258	-26.439793	0.34568378
3.3740234	-26.44054	0.33695385
3.4741211	-26.442326	0.30819941
3.5742188	-26.44289	0.2942073
3.6743164	-26.44244	0.31193268
3.7744141	-26.442785	0.30950207
3.8745117	-26.445328	0.26588005
3.9746094	-26.445799	0.24219739
4.074707	-26.446035	0.23680317
4.1748047	-26.44772	0.20479508
4.2749023	-26.448437	0.19172154
4.375	-26.447502	0.20967929
4.4750977	-26.447721	0.20445976
4.5751953	-26.448614	0.19278422
4.675293	-26.445728	0.2199699
4.7753906	-26.448093	0.19170091
4.8754883	-26.445957	0.23038138
4.9755859	-26.444868	0.24659333
5.0756836	-26.444481	0.24033321
5.1757813	-26.444197	0.24347909
5.2758789	-26.441854	0.27833569
5.3759766	-26.438364	0.35628775
5.4760742	-26.437838	0.35578468
5.5761719	-26.43717	0.37720218
5.6762695	-26.437798	0.36978942
5.7763672	-26.436401	0.38957003
5.8764648	-26.436266	0.38593045
5.9765625	-26.43449	0.4250975
6.0766602	-26.437433	0.38868794
6.1767578	-26.440392	0.34331122
6.2768555	-26.440096	0.33986109
6.3769531	-26.439047	0.35478535
6.4770508	-26.440624	0.3398082
6.5771484	-26.441256	0.31422254
6.6772461	-26.441774	0.31817988
6.7773438	-26.443518	0.27405301
6.8774414	-26.442968	0.26991212
6.9775391	-26.442085	0.29029614
7.0776367	-26.441675	0.289597
7.1777344	-26.4438	0.24923077
7.277832	-26.443998	0.24825802
7.3779297	-26.442572	0.25923896
7.4780273	-26.443615	0.24189349
7.578125	-26.442249	0.26320821
7.6782227	-26.441719	0.27070782
7.7783203	-26.442377	0.25462827
7.878418	-26.440287	0.28853968
7.9785156	-26.437954	0.33717433
8.0786133	-26.437881	0.3467125
8.1787109	-26.437916	0.34239683
8.2788086	-26.438759	0.33937919
8.3789063	-26.43754	0.36693051
8.4790039	-26.437531	0.36833334
8.5791016	-26.437052	0.37504852
8.6791992	-26.436169	0.3943513
8.7792969	-26.436165	0.4005529
8.8793945	-26.436783	0.37497136
8.9794922	-26.436886	0.37331617
9.0795898	-26.439041	0.35395974
9.1796875	-26.439232	0.34595394
9.2797852	-26.438936	0.34726006
9.3798828	-26.441441	0.31491533
9.4799805	-26.440886	0.31072381
9.5800781	-26.441526	0.29457185
9.6801758	-26.442408	0.28451809
9.7802734	-26.442898	0.26541963
9.8803711	-26.443903	0.24227506
9.9804688	-26.442451	0.25033078
10.080566	-26.442949	0.24841438
10.180664	-26.44393	0.22238129
10.280762	-26.442175	0.24416606
10.380859	-26.439266	0.29106432
10.480957	-26.440027	0.28063014
10.581055	-26.438925	0.2986176
10.681152	-26.439548	0.29125452
10.78125	-26.436939	0.33946127
10.881348	-26.437078	0.33029839
10.981445	-26.435923	0.36908102
11.081543	-26.437151	0.35715538
11.181641	-26.435974	0.37505883
11.281738	-26.435183	0.39091936
11.381836	-26.435053	0.39363518
11.481934	-26.434975	0.40322307
11.582031	-26.431402	0.45146358
11.682129	-26.432022	0.43856838
11.782227	-26.432837	0.41784149
11.882324	-26.434904	0.38802516
11.982422	-26.435545	0.38052055
12.08252	-26.436096	0.37136674
12.182617	-26.436148	0.37343794
12.282715	-26.437592	0.33660227
12.382813	-26.438477	0.31739345
12.48291	-26.438982	0.29166663
12.583008	-26.4387	0.29212508
12.683105	-26.438749	0.28782335
12.783203	-26.44009	0.26543891
12.883301	-26.437321	0.29460597
12.983398	-26.438923	0.27190617
13.083496	-26.438025	0.28182751
13.183594	-26.436506	0.30953974
13.283691	-26.434698	0.35095483
13.383789	-26.435215	0.3264617
13.483887	-26.433374	0.37068924
13.583984	-26.432976	0.38104063
13.684082	-26.433407	0.36143234
13.78418	-26.431635	0.39903367
13.884277	-26.431942	0.39804602
13.984375	-26.431334	0.41964129
14.084473	-26.431383	0.4220382
14.18457	-26.432104	0.41194227
14.284668	-26.429693	0.45657668
14.384766	-26.430311	0.45433334
14.484863	-26.43318	0.4078331
14.584961	-26.433264	0.38664356
14.685059	-26.433212	0.39968866
14.785156	-26.435448	0.37494105
14.885254	-26.436262	0.3583028
14.985352	-26.434967	0.36790189
15.085449	-26.436312	0.3389574
15.185547	-26.437683	0.30835971
15.285645	-26.437902	0.30997872
15.385742	-26.438429	0.29340568
15.48584	-26.439232	0.27741718
15.585938	-26.437338	0.30543423
15.686035	-26.438755	0.28499752
15.786133	-26.440235	0.26926172
15.88623	-26.439196	0.27811706
15.986328	-26.436306	0.31595984
16.086426	-26.436646	0.31763408
16.186523	-26.435677	0.33027583
16.286621	-26.432638	0.37714839
16.386719	-26.430817	0.41496137
16.486816	-26.429941	0.41795602
16.586914	-26.428638	0.43675119
16.687012	-26.428658	0.44143528
16.787109	-26.427912	0.46210071
16.887207	-26.427355	0.46544454
16.987305	-26.426367	0.48170272
17.087402	-26.425652	0.49521115
17.1875	-26.427893	0.45705369
17.287598	-26.426615	0.47909245
17.387695	-26.427736	0.45965287
17.487793	-26.429289	0.43551528
17.587891	-26.428295	0.43952405
17.687988	-26.429375	0.41456771
17.788086	-26.432201	0.37296239
17.888184	-26.4319	0.36299798
17.988281	-26.4326	0.35733667
18.088379	-26.433432	0.3476294
18.188477	-26.43372	0.33161095
18.288574	-26.433811	0.32445642
18.388672	-26.433802	0.33773369
18.48877	-26.434595	0.31299561
18.588867	-26.434433	0.31657755
18.688965	-26.433672	0.32531887
18.789063	-26.433636	0.32802996
18.88916	-26.43214	0.34771526
18.989258	-26.431185	0.35391822
19.089355	-26.430616	0.37277806
19.189453	-26.429066	0.40073553
19.289551	-26.428152	0.4164305
19.389648	-26.427002	0.44240156
19.489746	-26.427008	0.44472954
19.589844	-26.427614	0.43949559
19.689941	-26.425905	0.48383629
19.790039	-26.424009	0.50734222
19.890137	-26.425529	0.48411128
19.990234	-26.425098	0.49138612
20.090332	-26.426773	0.47315988
20.19043	-26.427176	0.46635613
20.290527	-26.427475	0.44790745
20.390625	-26.424368	0.51702332
20.490723	-26.42597	0.47570723
20.59082	-26.42695	0.4612568
20.690918	-26.428446	0.4274011
20.791016	-26.42878	0.41165388
20.891113	-26.430393	0.37179536
20.991211	-26.430546	0.37116954
21.091309	-26.431011	0.35278937
21.191406	-26.430046	0.35584271
21.291504	-26.42951	0.36284241
21.391602	-26.428288	0.38463408
21.491699	-26.429289	0.37575948
21.591797	-26.429642	0.36101171
21.691895	-26.428734	0.36122152
21.791992	-26.427811	0.38167897
21.89209	-26.425158	0.4224745
21.992188	-26.422625	0.48478976
22.092285	-26.4224	0.4937048
22.192383	-26.422632	0.4901011
22.29248	-26.423473	0.47926676
22.392578	-26.422438	0.50430703
22.492676	-26.421959	0.50720918
22.592773	-26.421602	0.51747978
22.692871	-26.422098	0.52675617
22.792969	-26.422112	0.52415395
22.893066	-26.422121	0.5181942
22.993164	-26.423788	0.49521536
23.093262	-26.423691	0.49191043
23.193359	-26.424128	0.47442728
23.293457	-26.424301	0.47096002
23.393555	-26.42544	0.45329404
23.493652	-26.42642	0.41423625
23.59375	-26.42635	0.41194597
23.693848	-26.428066	0.36799103
23.793945	-26.429464	0.33876956
23.894043	-26.428644	0.34823745
23.994141	-26.427036	0.36607391
24.094238	-26.427412	0.3673138
24.194336	-26.42662	0.37151182
24.294434	-26.427641	0.35365063
24.394531	-26.426796	0.38900661
24.494629	-26.426405	0.38602269
24.594727	-26.426487	0.38370806
24.694824	-26.423586	0.43259886
24.794922	-26.42317	0.44795984
24.89502	-26.422121	0.4888666
24.995117	-26.420723	0.50733566
25.095215	-26.419722	0.50139886
25.195313	-26.417978	0.55278105
25.29541	-26.417454	0.57390076
25.395508	-26.418156	0.55000049
25.495605	-26.417448	0.57770646
25.595703	-26.419062	0.552082
25.695801	-26.418068	0.57434309
25.795898	-26.417648	0.58024395
25.895996	-26.419184	0.55432016
25.996094	-26.421345	0.5081321
26.096191	-26.421497	0.49587998
26.196289	-26.422153	0.48188049
26.296387	-26.42281	0.46245229
26.396484	-26.422747	0.46280417
26.496582	-26.424124	0.42551133
26.59668	-26.425266	0.39631259
26.696777	-26.425804	0.39270881
26.796875	-26.426598	0.37058762
26.896973	-26.426453	0.36804298
26.99707	-26.425116	0.3930949
27.097168	-26.425058	0.40017638
27.197266	-26.424215	0.41217288
27.297363	-26.423607	0.42416552
27.397461	-26.422358	0.44171575
27.497559	-26.422895	0.43562111
27.597656	-26.422607	0.42670313
27.697754	-26.422384	0.43159044
27.797852	-26.421227	0.45486853
27.897949	-26.419756	0.49486548
27.998047	-26.418232	0.53701782
28.098145	-26.418282	0.55516559
28.198242	-26.418129	0.55942225
28.29834	-26.41851	0.54548264
28.398438	-26.418549	0.54246724
28.498535	-26.419903	0.53026277
28.598633	-26.418722	0.53583455
28.69873	-26.419125	0.53468472
28.798828	-26.419243	0.52360815
28.898926	-26.418549	0.55210757
28.999023	-26.417797	0.56234843
29.099121	-26.419064	0.52625996
29.199219	-26.418852	0.51655364
29.299316	-26.420134	0.48466969
29.399414	-26.419228	0.49807429
29.499512	-26.419455	0.47878999
29.599609	-26.420977	0.45844626
29.699707	-26.421818	0.42441368
29.799805	-26.421679	0.42633706
29.899902	-26.421663	0.4300026
30	-26.420822	0.4382644
30.100098	-26.421347	0.43644628
30.200195	-26.419933	0.46377823
30.300293	-26.419981	0.45996696
30.400391	-26.418346	0.47774157
30.500488	-26.418776	0.49021643
30.600586	-26.418484	0.48877031
30.700684	-26.416195	0.53427321
30.800781	-26.415419	0.560377
30.900879	-26.415533	0.56493652
31.000977	-26.414312	0.60443938
31.101074	-26.413898	0.60961562
31.201172	-26.415226	0.59076393
31.30127	-26.415644	0.57424057
31.401367	-26.415514	0.58292812
31.501465	-26.41527	0.58911127
31.601563	-26.415993	0.57838726
31.70166	-26.415564	0.58589989
31.801758	-26.416374	0.5823071
31.901855	-26.418018	0.53549701
32.001953	-26.418867	0.51738048
32.102051	-26.419538	0.47794268
32.202148	-26.419714	0.47537163
32.302246	-26.419428	0.4874931
32.402344	-26.419136	0.49008545
32.502441	-26.42034	0.46223885
32.602539	-26.421158	0.4339093
32.702637	-26.419466	0.46540046
32.802734	-26.420237	0.45415789
32.902832	-26.420889	0.4328047
33.00293	-26.418423	0.47145671
33.103027	-26.418398	0.48332649
33.203125	-26.417931	0.49441272
33.303223	-26.417746	0.49990478
33.40332	-26.416075	0.53701389
33.503418	-26.416187	0.53359801
33.603516	-26.415329	0.54427969
33.703613	-26.413147	0.59129554
33.803711	-26.411652	0.64256448
33.903809	-26.411234	0.64631295
34.003906	-26.410976	0.653404
34.104004	-26.411638	0.63032657
34.204102	-26.412169	0.60783237
34.304199	-26.41259	0.60636806
34.404297	-26.411999	0.62680179
34.504395	-26.411713	0.61991543
34.604492	-26.41293	0.59298348
34.70459	-26.412066	0.6158995
34.804688	-26.411781	0.61452842
34.904785	-26.413534	0.57547235
35.004883	-26.414831	0.52751273
35.10498	-26.416893	0.46964148
35.205078	-26.414959	0.50753909
35.305176	-26.414925	0.53034937
35.405273	-26.415302	0.51878458
35.505371	-26.414248	0.52881557
35.605469	-26.416092	0.50285977
35.705566	-26.417538	0.47228068
35.805664	-26.415808	0.49681398
35.905762	-26.415306	0.50256813
36.005859	-26.413759	0.54295647
36.105957	-26.412905	0.5622859
36.206055	-26.41209	0.57395875
36.306152	-26.411764	0.58504558
36.40625	-26.411846	0.58439285
36.506348	-26.410587	0.61412376
36.606445	-26.411354	0.59454
36.706543	-26.410133	0.62316692
36.806641	-26.410229	0.62446803
36.906738	-26.409876	0.62575448
37.006836	-26.411053	0.609842
37.106934	-26.411951	0.58443135
37.207031	-26.412483	0.57243633
37.307129	-26.412453	0.57489175
37.407227	-26.413046	0.55852944
37.507324	-26.412823	0.56684047
37.607422	-26.413847	0.55142742
37.70752	-26.412235	0.59127653
37.807617	-26.412033	0.59594518
37.907715	-26.412014	0.60182387
38.007813	-26.412127	0.59205121
38.10791	-26.411886	0.58451813
38.208008	-26.413239	0.54001862
38.308105	-26.411821	0.59556556
38.408203	-26.411322	0.59979063
38.508301	-26.41157	0.58128917
38.608398	-26.410944	0.59091747
38.708496	-26.410608	0.57350582
38.808594	-26.411686	0.56330884
38.908691	-26.410601	0.57940531
39.008789	-26.409731	0.58708674
39.108887	-26.407854	0.64239717
39.208984	-26.408049	0.64043236
39.309082	-26.408646	0.61310816
39.40918	-26.409403	0.60871261
39.509277	-26.409464	0.61778122
39.609375	-26.407837	0.64645737
39.709473	-26.4069	0.67511767
39.80957	-26.406185	0.69258219
39.909668	-26.407259	0.6788758
40.009766	-26.40819	0.66712427
40.109863	-26.40785	0.6599412
40.209961	-26.40885	0.63244754
40.310059	-26.408625	0.64866573
40.410156	-26.406916	0.67544854
40.510254	-26.408197	0.64715755
40.610352	-26.40893	0.60743552
40.710449	-26.409042	0.61214638
40.810547	-26.409575	0.62089759
40.910645	-26.410227	0.58394861
41.010742	-26.410759	0.55674958
41.11084	-26.410717	0.5589242
41.210938	-26.411072	0.55233949
41.311035	-26.411285	0.55649281
41.411133	-26.410444	0.58169252
41.51123	-26.410292	0.57673365
41.611328	-26.410332	0.57318991
41.711426	-26.410664	0.56477785
41.811523	-26.411112	0.55315149
41.911621	-26.41036	0.56714648
42.011719	-26.408859	0.61136007
42.111816	-26.408331	0.61878842
42.211914	-26.408155	0.62149334
42.312012	-26.408342	0.63176155
42.412109	-26.408964	0.60822368
42.512207	-26.409605	0.59261143
42.612305	-26.409775	0.59207547
42.712402	-26.409288	0.59229255
42.8125	-26.408953	0.60615379
42.912598	-26.408382	0.63113803
43.012695	-26.408205	0.65140182
43.112793	-26.407776	0.6463905
43.212891	-26.408449	0.63619673
43.312988	-26.407623	0.64329427
43.413086	-26.4084	0.64314473
43.513184	-26.408482	0.64229769
43.613281	-26.408377	0.64790696
43.713379	-26.408588	0.63569427
43.813477	-26.408976	0.62469
43.913574	-26.409916	0.58974558
44.013672	-26.410019	0.58872539
44.11377	-26.409973	0.59692842
44.213867	-26.410704	0.58261329
44.313965	-26.409279	0.6001209
44.414063	-26.409685	0.61036867
44.51416	-26.408766	0.61726135
44.614258	-26.407932	0.63447505
44.714355	-26.407444	0.6421122
44.814453	-26.40766	0.63690466
44.914551	-26.406794	0.64729983
45.014648	-26.407059	0.65728039
45.114746	-26.406408	0.65163648
45.214844	-26.406416	0.65390879
45.314941	-26.406082	0.66374642
45.415039	-26.405888	0.66555458
45.515137	-26.405207	0.67549068
45.615234	-26.405684	0.67760408
45.715332	-26.405603	0.66416806
45.81543	-26.405769	0.66951972
45.915527	-26.405914	0.66240174
46.015625	-26.406357	0.65864885
46.115723	-26.407202	0.64127403
46.21582	-26.407536	0.63514978
46.315918	-26.406321	0.65996206
46.416016	-26.406195	0.67694205
46.516113	-26.406099	0.6677435
46.616211	-26.403963	0.7073186
46.716309	-26.404184	0.70479077
46.816406	-26.404779	0.67802781
46.916504	-26.404648	0.6764245
47.016602	-26.405388	0.66390562
47.116699	-26.404884	0.66661644
47.216797	-26.404915	0.6639331
47.316895	-26.402946	0.69086874
47.416992	-26.403381	0.69022584
47.51709	-26.404566	0.65806913
47.617188	-26.404886	0.64116716
47.717285	-26.404354	0.64890712
47.817383	-26.404312	0.65346426
47.91748	-26.404158	0.64961481
48.017578	-26.404217	0.65710169
48.117676	-26.401693	0.68830729
48.217773	-26.401495	0.70509422
48.317871	-26.400774	0.7283501
48.417969	-26.402029	0.69202638
48.518066	-26.400702	0.72175008
48.618164	-26.400028	0.72654372
48.718262	-26.400309	0.73750585
48.818359	-26.398649	0.77369064
48.918457	-26.399153	0.77635378
49.018555	-26.399899	0.76623631
49.118652	-26.400974	0.73877478
49.21875	-26.400175	0.74094737
49.318848	-26.399664	0.7510767
49.418945	-26.39946	0.76550961
49.519043	-26.398922	0.76504922
49.619141	-26.400465	0.72561634
49.719238	-26.401648	0.69151366
49.819336	-26.404459	0.63083863
49.919434	-26.404482	0.62231863
50.019531	-26.403522	0.64945781
50.119629	-26.403872	0.6435256
50.219727	-26.402695	0.66679174
50.319824	-26.4023	0.66872507
50.419922	-26.402729	0.66653448
50.52002	-26.402245	0.67184955
50.620117	-26.403265	0.64315104
50.720215	-26.403488	0.63967037
50.820313	-26.402952	0.64206344
50.92041	-26.40209	0.65954465
51.020508	-26.401226	0.68227524
51.120605	-26.401678	0.67930079
51.220703	-26.400841	0.68094981
51.320801	-26.39966	0.71915859
51.420898	-26.397791	0.76160794
51.520996	-26.396498	0.78881627
51.621094	-26.396671	0.78803492
51.721191	-26.396437	0.80263138
51.821289	-26.395452	0.81792986
51.921387	-26.394777	0.83126283
52.021484	-26.39526	0.83050728
52.121582	-26.394272	0.82052606
52.22168	-26.394732	0.8043493
52.321777	-26.394365	0.79379052
52.421875	-26.394789	0.80623662
52.521973	-26.395872	0.77568877
52.62207	-26.396055	0.77226776
52.722168	-26.394865	0.78937715
52.822266	-26.394554	0.79190475
52.922363	-26.395924	0.7561813
53.022461	-26.396097	0.75189006
53.122559	-26.395996	0.74641281
53.222656	-26.397028	0.72358686
53.322754	-26.397306	0.70208979
53.422852	-26.39773	0.69783205
53.522949	-26.39739	0.69686908
53.623047	-26.397451	0.69025689
53.723145	-26.397552	0.6803627
53.823242	-26.395914	0.71335506
53.92334	-26.39463	0.74756229
54.023438	-26.394131	0.75909883
54.123535	-26.394485	0.74474847
54.223633	-26.394957	0.7384041
54.32373	-26.394775	0.74432665
54.423828	-26.395382	0.73003185
54.523926	-26.394732	0.73873711
54.624023	-26.393732	0.77758175
54.724121	-26.392555	0.81247646
54.824219	-26.390902	0.84293312
54.924316	-26.391018	0.84420294
55.024414	-26.391951	0.82076204
55.124512	-26.393763	0.78182858
55.224609	-26.394365	0.77363312
55.324707	-26.39344	0.80697531
55.424805	-26.393106	0.80338204
55.524902	-26.39329	0.8094818
55.625	-26.393362	0.78980637
55.725098	-26.39459	0.75601
55.825195	-26.395414	0.73388082
55.925293	-26.395428	0.72012901
56.025391	-26.394754	0.73054165
56.125488	-26.394693	0.71697819
56.225586	-26.39422	0.75374156
56.325684	-26.393133	0.7727024
56.425781	-26.394342	0.73620909
56.525879	-26.394798	0.71987146
56.625977	-26.394976	0.70457417
56.726074	-26.394165	0.71893311
56.826172	-26.393456	0.74765968
56.92627	-26.391428	0.79271913
57.026367	-26.390272	0.83028525
57.126465	-26.39016	0.82185984
57.226563	-26.391289	0.81858557
57.32666	-26.390676	0.80772954
57.426758	-26.390642	0.82021558
57.526855	-26.390615	0.81895441
57.626953	-26.388838	0.8635093
57.727051	-26.388378	0.87945294
57.827148	-26.388241	0.8774128
57.927246	-26.387756	0.88010472
58.027344	-26.388525	0.8526116
58.127441	-26.388947	0.8503499
58.227539	-26.389887	0.82644832
58.327637	-26.388048	0.86075372
58.427734	-26.387896	0.86021465
58.527832	-26.389656	0.80864036
58.62793	-26.390743	0.77729726
58.728027	-26.391733	0.74585909
58.828125	-26.393166	0.71018797
58.928223	-26.39259	0.71231741
59.02832	-26.392664	0.71510077
59.128418	-26.392673	0.70204067
59.228516	-26.393257	0.68367302
59.328613	-26.392721	0.69908702
59.428711	-26.392057	0.71626252
59.528809	-26.391077	0.74607986
59.628906	-26.392069	0.72595942
59.729004	-26.391056	0.73560441
59.829102	-26.389496	0.77217638
59.929199	-26.388641	0.81174946
60.029297	-26.386816	0.86277527
60.129395	-26.386942	0.86045164
60.229492	-26.38694	0.87281442
60.32959	-26.386112	0.88448197
60.429688	-26.384462	0.93286884
60.529785	-26.38431	0.92865568
60.629883	-26.384857	0.92446738
60.72998	-26.385117	0.91233104
60.830078	-26.385231	0.90974706
60.930176	-26.386314	0.89221442
61.030273	-26.386452	0.8697657
61.130371	-26.38649	0.87955892
61.230469	-26.384905	0.90927076
61.330566	-26.385143	0.90271842
61.430664	-26.386681	0.85230285
61.530762	-26.388811	0.79042912
61.630859	-26.3899	0.7453233
61.730957	-26.389971	0.7396906
61.831055	-26.389452	0.73414135
61.931152	-26.389542	0.72341418
62.03125	-26.389498	0.73083407
62.131348	-26.38883	0.72634393
62.231445	-26.388216	0.75152069
62.331543	-26.387646	0.76270306
62.431641	-26.387703	0.76497614
62.531738	-26.387348	0.77623266
62.631836	-26.386343	0.79973191
62.731934	-26.38456	0.84863412
62.832031	-26.382132	0.92280805
62.932129	-26.381392	0.929452
63.032227	-26.38134	0.93210942
63.132324	-26.381449	0.92368102
63.232422	-26.380739	0.95498461
63.33252	-26.378485	1.000376
63.432617	-26.379164	0.99913871
63.532715	-26.380177	0.97094071
63.632813	-26.38047	0.957546
63.73291	-26.380877	0.95569336
63.833008	-26.381914	0.92789191
63.933105	-26.383657	0.87240642
64.033203	-26.384378	0.85368735
64.133301	-26.384052	0.85785216
64.233398	-26.385691	0.81369406
64.333496	-26.386723	0.78148937
64.433594	-26.386831	0.76121992
64.533691	-26.388683	0.71979707
64.633789	-26.388256	0.71908784
64.733887	-26.388161	0.70670658
64.833984	-26.387918	0.71321839
64.934082	-26.386387	0.73400801
65.03418	-26.385986	0.74525875
65.134277	-26.384453	0.78135389
65.234375	-26.383362	0.80327374
65.334473	-26.382315	0.82320285
65.43457	-26.381477	0.85946542
65.534668	-26.379709	0.90216357
65.634766	-26.379366	0.9316541
65.734863	-26.378035	0.96275926
65.834961	-26.376617	0.98108757
65.935059	-26.376516	0.99212676
66.035156	-26.376884	0.98995644
66.135254	-26.377111	0.99113733
66.235352	-26.377371	0.98207092
66.335449	-26.377092	0.97152233
66.435547	-26.378021	0.95374078
66.535645	-26.377434	0.96273702
66.635742	-26.376596	0.99097937
66.73584	-26.376884	0.98650438
66.835938	-26.379486	0.90829158
66.936035	-26.381304	0.86661857
67.036133	-26.383268	0.79165649
67.13623	-26.383984	0.76632583
67.236328	-26.384058	0.76385468
67.336426	-26.384106	0.75520384
67.436523	-26.384068	0.74269241
67.536621	-26.38537	0.7258904
67.636719	-26.384417	0.72796434
67.736816	-26.383259	0.74397051
67.836914	-26.382097	0.77781957
67.937012	-26.381516	0.80763298
68.037109	-26.379715	0.8403458
68.137207	-26.378929	0.86245644
68.237305	-26.378584	0.87600416
68.337402	-26.377949	0.89327765
68.4375	-26.375345	0.94883317
68.537598	-26.374716	0.97327721
68.637695	-26.37365	1.01449
68.737793	-26.372425	1.0525582
68.837891	-26.370966	1.0677141
68.937988	-26.371935	1.0576556
69.038086	-26.372353	1.0562773
69.138184	-26.372503	1.0459034
69.238281	-26.372677	1.0381416
69.338379	-26.374241	1.005851
69.438477	-26.37466	0.99231815
69.538574	-26.37525	0.97004944
69.638672	-26.3771	0.90986711
69.73877	-26.379688	0.86115199
69.838867	-26.379465	0.83811581
69.938965	-26.378965	0.84842402
70.039063	-26.378748	0.86172545
70.13916	-26.379684	0.83033925
70.239258	-26.380369	0.79941201
70.339355	-26.381863	0.75931191
70.439453	-26.382221	0.74638623
70.539551	-26.383556	0.7284255
70.639648	-26.382174	0.75499868
70.739746	-26.379906	0.80148357
70.839844	-26.378338	0.85012603
70.939941	-26.378304	0.86519104
71.040039	-26.378902	0.84297025
71.140137	-26.377619	0.86777127
71.240234	-26.375704	0.93402201
71.340332	-26.374205	0.97582877
71.44043	-26.372126	1.0398487
71.540527	-26.370468	1.0777628
71.640625	-26.36936	1.1175616
71.740723	-26.36923	1.1130526
71.84082	-26.369825	1.0936623
71.940918	-26.370424	1.0818565
72.041016	-26.371731	1.05699
72.141113	-26.371946	1.0253296
72.241211	-26.372255	1.0143698
72.341309	-26.372435	1.0182047
72.441406	-26.37361	0.99881113
72.541504	-26.374809	0.95529729
72.641602	-26.378094	0.87761092
72.741699	-26.378498	0.83159101
72.841797	-26.38006	0.79488093
72.941895	-26.381184	0.77709514
73.041992	-26.380348	0.76673764
73.14209	-26.380491	0.7798835
73.242188	-26.380014	0.78612286
73.342285	-26.379532	0.79790628
73.442383	-26.378281	0.80709958
73.54248	-26.377779	0.82821244
73.642578	-26.375561	0.87803972
73.742676	-26.374668	0.9082188
73.842773	-26.373152	0.94762504
73.942871	-26.372082	0.98857272
74.042969	-26.369476	1.0386357
74.143066	-26.369312	1.0648533
74.243164	-26.369469	1.0574789
74.343262	-26.369555	1.0625123
74.443359	-26.367977	1.0987772
74.543457	-26.367376	1.1105913
74.643555	-26.367121	1.12014
74.743652	-26.367701	1.0889566
74.84375	-26.369057	1.0661478
74.943848	-26.369879	1.0499156
75.043945	-26.371294	1.0084049
75.144043	-26.373655	0.93683201
75.244141	-26.37381	0.93688571
75.344238	-26.37343	0.92255563
75.444336	-26.37462	0.90432394
75.544434	-26.374004	0.91245449
75.644531	-26.372623	0.92548317
75.744629	-26.373474	0.90768927
75.844727	-26.374823	0.85426533
75.944824	-26.374271	0.85371631
76.044922	-26.373549	0.84726942
76.14502	-26.372417	0.88238323
76.245117	-26.371803	0.88162702
76.345215	-26.37022	0.91107422
76.445313	-26.369396	0.93681097
76.54541	-26.369289	0.95622629
76.645508	-26.368998	0.98029697
76.745605	-26.366575	1.0224006
76.845703	-26.3652	1.0672482
76.945801	-26.364382	1.1107789
77.045898	-26.363308	1.1438675
77.145996	-26.363333	1.1496663
77.246094	-26.363487	1.143488
77.346191	-26.362995	1.1493351
77.446289	-26.363127	1.1464916
77.546387	-26.363182	1.1391588
77.646484	-26.364185	1.1339744
77.746582	-26.365288	1.1044961
77.84668	-26.366999	1.0465883
77.946777	-26.369043	0.98722124
78.046875	-26.370293	0.93920898
78.146973	-26.371111	0.9033519
78.24707	-26.371258	0.90178901
78.347168	-26.371902	0.87707835
78.447266	-26.373453	0.84014845
78.547363	-26.374001	0.821536
78.647461	-26.373941	0.82145441
78.747559	-26.374008	0.79751694
78.847656	-26.372156	0.84004378
78.947754	-26.371454	0.86245936
79.047852	-26.370472	0.88327253
79.147949	-26.36875	0.92896128
79.248047	-26.368546	0.93009841
79.348145	-26.367329	0.96227908
79.448242	-26.366003	1.0049928
79.54834	-26.365587	1.0278497
79.648438	-26.363457	1.0959816
79.748535	-26.362764	1.1262492
79.848633	-26.362066	1.1470662
79.94873	-26.361017	1.1730776
80.048828	-26.362019	1.1684816
80.148926	-26.362211	1.152582
80.249023	-26.363707	1.1207457
80.349121	-26.364094	1.1120116
80.449219	-26.360981	1.1759295
80.549316	-26.360048	1.1875664
80.649414	-26.361372	1.1580026
80.749512	-26.362938	1.1099848
80.849609	-26.367447	0.99123722
80.949707	-26.369448	0.92755181
81.049805	-26.371138	0.86918449
81.149902	-26.370287	0.87996334
81.25	-26.369604	0.89037991
81.350098	-26.368876	0.89425987
81.450195	-26.368998	0.89760804
81.550293	-26.368097	0.92105281
81.650391	-26.36845	0.88915646
81.750488	-26.368622	0.87631863
81.850586	-26.367702	0.90068543
81.950684	-26.366442	0.936804
82.050781	-26.363449	1.0033135
82.150879	-26.362856	1.0400052
82.250977	-26.360794	1.0948595
82.351074	-26.360939	1.0958306
82.451172	-26.359642	1.1403983
82.55127	-26.358839	1.1665984
82.651367	-26.356712	1.2094873
82.751465	-26.357796	1.2087315
82.851563	-26.357277	1.2178974
82.95166	-26.357973	1.2219331
83.051758	-26.359709	1.164072
83.151855	-26.36025	1.1421486
83.251953	-26.361013	1.1119313
83.352051	-26.362326	1.0791014
83.452148	-26.36273	1.050051
83.552246	-26.363647	1.0301588
83.652344	-26.36451	0.99495089
83.752441	-26.365803	0.95328659
83.852539	-26.367271	0.90604585
83.952637	-26.368885	0.86087751
84.052734	-26.36816	0.86349249
84.152832	-26.368542	0.85325795
84.25293	-26.368134	0.87213963
84.353027	-26.367821	0.87866783
84.453125	-26.368792	0.85799015
84.553223	-26.367853	0.87840033
84.65332	-26.366879	0.91058958
84.753418	-26.364874	0.94454062
84.853516	-26.364565	0.96671855
84.953613	-26.364138	0.9713062
85.053711	-26.360147	1.0870693
85.153809	-26.356817	1.1663119
85.253906	-26.356409	1.1925932
85.354004	-26.355753	1.232838
85.454102	-26.356155	1.232924
85.554199	-26.355377	1.2368727
85.654297	-26.356224	1.2157596
85.754395	-26.355345	1.2391281
85.854492	-26.355289	1.2445654
85.95459	-26.355846	1.2265774
86.054688	-26.357647	1.1771029
86.154785	-26.358614	1.1408066
86.254883	-26.36092	1.0787022
86.35498	-26.36145	1.0504169
86.455078	-26.361593	1.0414928
86.555176	-26.36297	1.0121722
86.655273	-26.362736	1.004995
86.755371	-26.364571	0.95978445
86.855469	-26.367304	0.89438981
86.955566	-26.367723	0.87461668
87.055664	-26.366339	0.895208
87.155762	-26.365423	0.92166418
87.255859	-26.364908	0.92462575
87.355957	-26.364374	0.94867706
87.456055	-26.362806	0.9776752
87.556152	-26.361467	1.0300564
87.65625	-26.361208	1.0306031
87.756348	-26.359961	1.0531262
87.856445	-26.358482	1.0938382
87.956543	-26.357784	1.1554682
88.056641	-26.355618	1.2062551
88.156738	-26.355421	1.2417715
88.256836	-26.355146	1.2402759
88.356934	-26.356001	1.2130085
88.457031	-26.356668	1.1913157
88.557129	-26.355494	1.2085656
88.657227	-26.356945	1.1738346
88.757324	-26.356375	1.1894338
88.857422	-26.357189	1.1553193
88.95752	-26.358158	1.1462858
89.057617	-26.358973	1.1065679
89.157715	-26.35862	1.130572
89.257813	-26.35759	1.1466193
89.35791	-26.357008	1.1488429
89.458008	-26.357681	1.1163828
89.558105	-26.359779	1.049215
89.658203	-26.36154	0.98004681
89.758301	-26.362572	0.93980771
89.858398	-26.362577	0.94047058
89.958496	-26.362204	0.94238782
90.058594	-26.361261	0.96865392
90.158691	-26.360094	0.9945901
90.258789	-26.358067	1.0473267
90.358887	-26.357576	1.0712118
90.458984	-26.356184	1.0967793
90.559082	-26.35523	1.1101885
90.65918	-26.355423	1.1014625
90.759277	-26.354242	1.1341432
90.859375	-26.353304	1.1808217
90.959473	-26.351368	1.237658
91.05957	-26.350658	1.2815267
91.159668	-26.349327	1.3111117
91.259766	-26.349287	1.3303097
91.359863	-26.349283	1.3188866
91.459961	-26.350491	1.2810678
91.560059	-26.350771	1.2754487
91.660156	-26.350903	1.2625223
91.760254	-26.352648	1.2025493
91.860352	-26.354015	1.170897
91.960449	-26.355501	1.1320914
92.060547	-26.356575	1.0936949
92.160645	-26.357473	1.0591286
92.260742	-26.358295	1.0243129
92.36084	-26.358946	1.0073254
92.460938	-26.357521	1.021637
92.561035	-26.357279	1.0295794
92.661133	-26.356676	1.0464616
92.76123	-26.357815	1.0186779
92.861328	-26.357922	0.9881717
92.961426	-26.358086	0.99466622
93.061523	-26.357744	1.0084468
93.161621	-26.355312	1.0613978
93.261719	-26.354523	1.0974476
93.361816	-26.352062	1.168213
93.461914	-26.350569	1.2171581
93.562012	-26.349796	1.2429602
93.662109	-26.34918	1.2622313
93.762207	-26.349213	1.2694151
93.862305	-26.349133	1.2606241
93.962402	-26.348461	1.2848368
94.0625	-26.347765	1.3111353
94.162598	-26.348776	1.2837323
94.262695	-26.349613	1.2470559
94.362793	-26.351231	1.212501
94.462891	-26.3519	1.2023968
94.562988	-26.353678	1.1469917
94.663086	-26.35347	1.1479889
94.763184	-26.351173	1.2169092
94.863281	-26.349689	1.2539912
94.963379	-26.350538	1.2168403
95.063477	-26.352324	1.143651
95.163574	-26.355515	1.0434628
95.263672	-26.357082	0.97904503
95.36377	-26.356817	0.97906953
95.463867	-26.355318	0.99671012
95.563965	-26.354023	1.0254651
95.664063	-26.352671	1.0667118
95.76416	-26.352079	1.0972675
95.864258	-26.351662	1.0984795
95.964355	-26.351759	1.1109715
96.064453	-26.349377	1.1582136
96.164551	-26.34804	1.1942859
96.264648	-26.346827	1.2463801
96.364746	-26.345261	1.3047711
96.464844	-26.344681	1.3210244
96.564941	-26.344515	1.3239762
96.665039	-26.343447	1.3685911
96.765137	-26.342909	1.3661457
96.865234	-26.343859	1.3515726
96.965332	-26.343019	1.3558137
97.06543	-26.344246	1.3257082
97.165527	-26.346561	1.2792118
97.265625	-26.347595	1.2331274
97.365723	-26.349497	1.1733469
97.46582	-26.351442	1.1173187
97.565918	-26.3519	1.1006308
97.666016	-26.351851	1.0888556
97.766113	-26.352453	1.0797383
97.866211	-26.352818	1.0553744
97.966309	-26.352402	1.0519327
98.066406	-26.353184	1.0373468
98.166504	-26.353132	1.0364488
98.266602	-26.35355	1.0169342
98.366699	-26.351578	1.062004
98.466797	-26.351233	1.0771517
98.566895	-26.349813	1.1153671
98.666992	-26.348734	1.1381478
98.76709	-26.348066	1.1508241
98.867188	-26.34869	1.1485497
98.967285	-26.347595	1.1811233
99.067383	-26.345451	1.2378047
99.16748	-26.344885	1.2677294
99.267578	-26.343254	1.3236895
99.367676	-26.34156	1.3782089
99.467773	-26.341225	1.3678453
99.567871	-26.343111	1.3247979
99.667969	-26.343636	1.320201
99.768066	-26.343784	1.3154266
99.868164	-26.34569	1.2696649
99.968262	-26.345407	1.2655947
100.06836	-26.345745	1.2665324
100.16846	-26.346531	1.2412672
100.26855	-26.34824	1.1824818
100.36865	-26.348749	1.1618392
100.46875	-26.35013	1.1030229
100.56885	-26.350958	1.0655943
100.66895	-26.352333	1.0431374
100.76904	-26.35099	1.0610737
100.86914	-26.350615	1.063247
100.96924	-26.350935	1.0691822
101.06934	-26.350779	1.06374
101.16943	-26.350485	1.0892386
101.26953	-26.34951	1.1298848
101.36963	-26.348902	1.1426674
101.46973	-26.347572	1.1811005
101.56982	-26.346628	1.2211142
101.66992	-26.345068	1.2553549
101.77002	-26.344803	1.2727311
101.87012	-26.343792	1.2933153
101.97021	-26.34301	1.3240732
102.07031	-26.34236	1.3479136
102.17041	-26.341265	1.3728079
102.27051	-26.341913	1.3536826
102.37061	-26.342405	1.341205
102.4707	-26.343128	1.3059444
102.5708	-26.343887	1.3015131
102.6709	-26.344526	1.2853807
102.771	-26.345526	1.23765
102.87109	-26.346113	1.201843
102.97119	-26.347082	1.1735015
103.07129	-26.347513	1.1493732
103.17139	-26.349073	1.1185323
103.27148	-26.348566	1.1247002
103.37158	-26.347338	1.1685635
103.47168	-26.34763	1.1423098
103.57178	-26.347307	1.1245186
103.67188	-26.347166	1.1224977
103.77197	-26.346876	1.1188331
103.87207	-26.346472	1.1326953
103.97217	-26.346216	1.1314745
104.07227	-26.347094	1.1187439
104.17236	-26.345425	1.1641225
104.27246	-26.344292	1.2031338
104.37256	-26.343008	1.2379559
104.47266	-26.341673	1.291315
104.57275	-26.340599	1.328203
104.67285	-26.339622	1.350589
104.77295	-26.3391	1.3611081
104.87305	-26.337965	1.4018595
104.97314	-26.338366	1.3931473
105.07324	-26.337242	1.4238236
105.17334	-26.338741	1.3878624
105.27344	-26.338673	1.3908594
105.37354	-26.339539	1.3615264
105.47363	-26.341085	1.3136977
105.57373	-26.341501	1.2967281
105.67383	-26.343151	1.2612425
105.77393	-26.343502	1.2306744
105.87402	-26.344994	1.1749551
105.97412	-26.346537	1.1310533
106.07422	-26.346067	1.1495699
106.17432	-26.345247	1.1746546
106.27441	-26.345005	1.1695912
106.37451	-26.345432	1.1505263
106.47461	-26.345366	1.1372063
106.57471	-26.346075	1.1137035
106.6748	-26.346947	1.0912077
106.7749	-26.34503	1.1265761
106.875	-26.34376	1.1553348
106.9751	-26.342907	1.1990075
107.0752	-26.341679	1.2348576
107.17529	-26.341055	1.2736661
107.27539	-26.340193	1.3034805
107.37549	-26.338476	1.3498795
107.47559	-26.336273	1.4107729
107.57568	-26.335129	1.4267788
107.67578	-26.336609	1.4076751
107.77588	-26.336691	1.3827298
107.87598	-26.337204	1.3863798
107.97607	-26.338587	1.3559411
108.07617	-26.337835	1.3684478
108.17627	-26.338539	1.3630997
108.27637	-26.338169	1.350157
108.37646	-26.338421	1.3555727
108.47656	-26.340187	1.3095584
108.57666	-26.342056	1.2420399
108.67676	-26.342628	1.200562
108.77686	-26.343895	1.1679199
108.87695	-26.344296	1.1449739
108.97705	-26.344696	1.1419845
109.07715	-26.344097	1.1318121
109.17725	-26.344322	1.1251328
109.27734	-26.343983	1.1453931
109.37744	-26.34313	1.1572045
109.47754	-26.341713	1.2045135
109.57764	-26.340841	1.2217814
109.67773	-26.338978	1.2807481
109.77783	-26.338274	1.2951226
109.87793	-26.338165	1.289418
109.97803	-26.336924	1.3201873
110.07813	-26.336441	1.366098
110.17822	-26.334837	1.4135348
110.27832	-26.333988	1.4303986
110.37842	-26.333681	1.4521435
110.47852	-26.332745	1.4659541
110.57861	-26.332476	1.4717772
110.67871	-26.333439	1.4530735
110.77881	-26.333973	1.4158944
110.87891	-26.334108	1.4220521
110.979	-26.334793	1.3841727
111.0791	-26.336617	1.338092
111.1792	-26.336853	1.3212352
111.2793	-26.337635	1.2805098
111.37939	-26.339436	1.2220429
111.47949	-26.340603	1.1945722
111.57959	-26.340414	1.1738088
111.67969	-26.340563	1.1740875
111.77979	-26.341082	1.1649851
111.87988	-26.341381	1.1537826
111.97998	-26.340542	1.1536454
112.08008	-26.340744	1.1489664
112.18018	-26.340752	1.1745675
112.28027	-26.339771	1.1929823
112.38037	-26.338346	1.2222214
112.48047	-26.338451	1.1950861
112.58057	-26.338045	1.2136124
112.68066	-26.335567	1.295801
112.78076	-26.332874	1.3953042
112.88086	-26.330553	1.4560823
112.98096	-26.328953	1.5009809
113.08105	-26.32926	1.5113134
113.18115	-26.329367	1.5103226
113.28125	-26.329758	1.5040992
113.38135	-26.33	1.4798253
113.48145	-26.329897	1.4724513
113.58154	-26.329239	1.479208
113.68164	-26.329594	1.4856551
113.78174	-26.331219	1.4283634
113.88184	-26.331787	1.3796002
113.98193	-26.334648	1.3008419
114.08203	-26.335245	1.2801381
114.18213	-26.33567	1.2657533
114.28223	-26.336151	1.2483721
114.38232	-26.336245	1.2408285
114.48242	-26.335831	1.2337315
114.58252	-26.33671	1.2213879
114.68262	-26.337261	1.2001446
114.78271	-26.336948	1.2116311
114.88281	-26.335983	1.2000552
114.98291	-26.334896	1.2534063
115.08301	-26.333609	1.3018769
115.18311	-26.332628	1.324887
115.2832	-26.331062	1.3724182
115.3833	-26.329346	1.4257203
115.4834	-26.327986	1.4626182
115.5835	-26.32877	1.4506724
115.68359	-26.328342	1.4460946
115.78369	-26.329227	1.4489801
115.88379	-26.328459	1.4690478
115.98389	-26.327955	1.4794205
116.08398	-26.328196	1.4687068
116.18408	-26.328011	1.4787523
116.28418	-26.329023	1.4688536
116.38428	-26.329487	1.443127
116.48438	-26.330137	1.4290026
116.58447	-26.331367	1.3998863
116.68457	-26.331903	1.3953713
116.78467	-26.333349	1.3395262
116.88477	-26.333427	1.306394
116.98486	-26.33481	1.2680045
117.08496	-26.335711	1.2576848
117.18506	-26.33618	1.2335683
117.28516	-26.336727	1.2171429
117.38525	-26.336851	1.2152176
117.48535	-26.335976	1.2355058
117.58545	-26.336847	1.239401
117.68555	-26.335102	1.255746
117.78564	-26.335285	1.2542508
117.88574	-26.33415	1.2847389
117.98584	-26.332684	1.3310987
118.08594	-26.331577	1.37544
118.18604	-26.332434	1.3280457
118.28613	-26.331789	1.354553
118.38623	-26.330301	1.4151615
118.48633	-26.329134	1.4578626
118.58643	-26.327972	1.4969822
118.68652	-26.326126	1.5293821
118.78662	-26.325119	1.5619466
118.88672	-26.325678	1.5547082
118.98682	-26.32671	1.5153452
119.08691	-26.326626	1.4992489
119.18701	-26.327616	1.4742725
119.28711	-26.328175	1.4486393
119.38721	-26.329769	1.3918864
119.4873	-26.330576	1.373403
119.5874	-26.329178	1.3913062
119.6875	-26.329887	1.3775979
119.7876	-26.329544	1.3767885
119.8877	-26.330322	1.3541768
119.98779	-26.331053	1.3021187
120.08789	-26.331291	1.2732666
120.18799	-26.331797	1.2483563
120.28809	-26.332712	1.235069
120.38818	-26.330721	1.2808182
120.48828	-26.330069	1.3242872
120.58838	-26.3288	1.3526683
120.68848	-26.329632	1.3235358
120.78857	-26.329529	1.337689
120.88867	-26.328466	1.3670341
120.98877	-26.327303	1.4207362
121.08887	-26.325075	1.4946182
121.18896	-26.323107	1.5384398
121.28906	-26.323198	1.545475
121.38916	-26.324137	1.5243073
121.48926	-26.325125	1.4824957
121.58936	-26.324736	1.4901379
121.68945	-26.324947	1.4875674
121.78955	-26.325165	1.4855163
121.88965	-26.323854	1.5163804
121.98975	-26.324711	1.4906965
122.08984	-26.32547	1.484566
122.18994	-26.325817	1.4569399
122.29004	-26.325863	1.441047
122.39014	-26.325556	1.4461522
122.49023	-26.324593	1.4669501
122.59033	-26.326078	1.4229988
122.69043	-26.327143	1.3698481
122.79053	-26.328552	1.3282709
122.89063	-26.329527	1.2891064
122.99072	-26.330055	1.2855585
123.09082	-26.329372	1.3020903
123.19092	-26.328896	1.3214914
123.29102	-26.328007	1.343582
123.39111	-26.326857	1.3705431
123.49121	-26.326502	1.3763016
123.59131	-26.326498	1.3865768
123.69141	-26.325733	1.427335
123.7915	-26.323936	1.4492183
123.8916	-26.323931	1.4634665
123.9917	-26.322578	1.5127472
124.0918	-26.321499	1.5425608
124.19189	-26.32057	1.5764982
124.29199	-26.318996	1.6257195
124.39209	-26.318474	1.6271083
124.49219	-26.318321	1.6225418
124.59229	-26.319818	1.5941731
124.69238	-26.320118	1.5719765
124.79248	-26.320848	1.5345137
124.89258	-26.322186	1.4932721
124.99268	-26.323851	1.4387832
125.09277	-26.324041	1.420763
125.19287	-26.324945	1.3997986
125.29297	-26.32514	1.3758034
125.39307	-26.325546	1.360847
125.49316	-26.326384	1.3447598
125.59326	-26.325331	1.3605641
125.69336	-26.32584	1.3560183
125.79346	-26.325308	1.3480066
125.89355	-26.32546	1.3347979
125.99365	-26.326096	1.3142275
126.09375	-26.325699	1.3241031
126.19385	-26.324772	1.3605231
126.29395	-26.323023	1.4077414
126.39404	-26.321749	1.468984
126.49414	-26.320772	1.4925075
126.59424	-26.319788	1.515447
126.69434	-26.320223	1.5091112
126.79443	-26.320396	1.4921587
126.89453	-26.320435	1.4901986
126.99463	-26.319393	1.5135599
127.09473	-26.320021	1.4940903
127.19482	-26.320591	1.4991179
127.29492	-26.317612	1.5912584
127.39502	-26.316895	1.6123341
127.49512	-26.31839	1.5570385
127.59521	-26.318899	1.541666
127.69531	-26.319044	1.5119188
127.79541	-26.320429	1.483164
127.89551	-26.320059	1.4707327
127.99561	-26.320936	1.459559
128.0957	-26.321125	1.4362009
128.1958	-26.320957	1.4222753
128.2959	-26.32197	1.3953516
128.396	-26.321934	1.3885187
128.49609	-26.322607	1.3677113
128.59619	-26.322136	1.3737406
128.69629	-26.321238	1.3922278
128.79639	-26.321138	1.409007
128.89648	-26.320198	1.4314567
128.99658	-26.319386	1.4338838
129.09668	-26.320562	1.4042904
129.19678	-26.321098	1.386331
129.29688	-26.320198	1.4194874
129.39697	-26.318348	1.4683193
129.49707	-26.316984	1.5196421
129.59717	-26.316242	1.5434119
129.69727	-26.31535	1.5660632
129.79736	-26.315672	1.5494703
129.89746	-26.316122	1.5442483
129.99756	-26.315683	1.5498059
130.09766	-26.313869	1.6059017
130.19775	-26.313574	1.6213207
130.29785	-26.313412	1.6310534
130.39795	-26.314201	1.5936248
130.49805	-26.316011	1.5445257
130.59814	-26.317089	1.5004362
130.69824	-26.317568	1.4920838
130.79834	-26.317799	1.4734535
130.89844	-26.317337	1.4580464
130.99854	-26.318331	1.4287412
131.09863	-26.319489	1.4153049
131.19873	-26.319077	1.4426887
131.29883	-26.318542	1.4378661
131.39893	-26.318983	1.4187967
131.49902	-26.319359	1.4173137
131.59912	-26.319706	1.4106505
131.69922	-26.319876	1.4148923
131.79932	-26.319685	1.424984
131.89941	-26.317871	1.4744902
131.99951	-26.317566	1.4757009
132.09961	-26.317795	1.4617751
132.19971	-26.316277	1.532099
132.2998	-26.313595	1.6191823
132.3999	-26.312677	1.6235598
132.5	-26.313215	1.6222104
132.6001	-26.313808	1.5820675
132.7002	-26.313429	1.5949265
132.80029	-26.313631	1.6034405
132.90039	-26.313557	1.5861868
133.00049	-26.313509	1.5825168
133.10059	-26.313583	1.5973623
133.20068	-26.312992	1.6153986
133.30078	-26.313271	1.584834
133.40088	-26.313614	1.5768758
133.50098	-26.314199	1.5292369
133.60107	-26.317108	1.4889162
133.70117	-26.317078	1.4727536
133.80127	-26.317453	1.4508173
133.90137	-26.315294	1.5277238
134.00146	-26.314459	1.5431608
134.10156	-26.313694	1.5674434
134.20166	-26.314939	1.5141587
134.30176	-26.314529	1.530727
134.40186	-26.313208	1.536101
134.50195	-26.314384	1.504292
134.60205	-26.315231	1.4776722
134.70215	-26.314941	1.4978954
134.80225	-26.314503	1.5255371
134.90234	-26.312483	1.5992385
135.00244	-26.312712	1.6108623
135.10254	-26.311726	1.6213897
135.20264	-26.312628	1.6012901
135.30273	-26.313595	1.5761014
135.40283	-26.31304	1.5766809
135.50293	-26.313591	1.5610087
135.60303	-26.313059	1.5658935
135.70313	-26.312	1.5961677
135.80322	-26.312347	1.5984125
135.90332	-26.312162	1.5847889
136.00342	-26.312109	1.573282
136.10352	-26.313421	1.5285488
136.20361	-26.313919	1.5134212
136.30371	-26.314116	1.5249015
136.40381	-26.314718	1.5030608
136.50391	-26.314482	1.513231
136.604	-26.314224	1.5166354
136.7041	-26.313549	1.556836
136.8042	-26.312511	1.5698668
136.9043	-26.31284	1.5559316
137.00439	-26.314873	1.5125154
137.10449	-26.314945	1.4937147
137.20459	-26.315742	1.4909583
137.30469	-26.314312	1.5158682
137.40479	-26.314535	1.4887069
137.50488	-26.313431	1.5514616
137.60498	-26.311466	1.6155412
137.70508	-26.310236	1.6327363
137.80518	-26.310389	1.6290101
137.90527	-26.310635	1.6096396
138.00537	-26.31077	1.6102507
138.10547	-26.311796	1.5899906
138.20557	-26.311476	1.5914315
138.30566	-26.311766	1.5848091
138.40576	-26.310648	1.5989357
138.50586	-26.309856	1.630546
138.60596	-26.310356	1.6117361
138.70605	-26.310717	1.6061801
138.80615	-26.309893	1.6160328
138.90625	-26.310545	1.5872841
139.00635	-26.311541	1.5668405
139.10645	-26.311197	1.5785339
139.20654	-26.310638	1.6079701
139.30664	-26.310305	1.6164522
139.40674	-26.309298	1.6389931
139.50684	-26.310596	1.5990205
139.60693	-26.310703	1.5909011
139.70703	-26.310926	1.5814364
139.80713	-26.310339	1.590659
139.90723	-26.308678	1.6258301
140.00732	-26.309139	1.6151661
140.10742	-26.310282	1.5847796
140.20752	-26.309847	1.6050951
140.30762	-26.309479	1.6111482
140.40771	-26.308432	1.6487532
140.50781	-26.307606	1.6434367
140.60791	-26.308931	1.6149169
140.70801	-26.308386	1.6157354
140.80811	-26.30961	1.6154706
140.9082	-26.309248	1.6206826
141.0083	-26.308279	1.6324281
141.1084	-26.309172	1.6051033
141.2085	-26.309561	1.5932553
141.30859	-26.309063	1.6142672
141.40869	-26.309086	1.6034901
141.50879	-26.308908	1.6110916
141.60889	-26.309771	1.5874563
141.70898	-26.309584	1.5828543
141.80908	-26.309862	1.5947328
141.90918	-26.309223	1.6063006
142.00928	-26.308327	1.6042107
142.10938	-26.308908	1.5856285
142.20947	-26.308474	1.5791727
142.30957	-26.308069	1.6083517
142.40967	-26.307673	1.6352313
142.50977	-26.306467	1.6500776
142.60986	-26.306787	1.6485358
142.70996	-26.30637	1.6598622
142.81006	-26.306372	1.6558021
142.91016	-26.307011	1.6454872
143.01025	-26.30702	1.6364422
143.11035	-26.307497	1.622805
143.21045	-26.305943	1.6517425
143.31055	-26.305759	1.647208
143.41064	-26.306711	1.638651
143.51074	-26.305952	1.6336856
143.61084	-26.306143	1.6332479
143.71094	-26.307159	1.6078638
143.81104	-26.307859	1.5787483
143.91113	-26.308105	1.5625694
144.01123	-26.308283	1.538368
144.11133	-26.309265	1.5230297
144.21143	-26.308664	1.5424043
144.31152	-26.30872	1.5228573
144.41162	-26.308243	1.5518237
144.51172	-26.307993	1.565715
144.61182	-26.30797	1.5517964
144.71191	-26.307875	1.5680099
144.81201	-26.306744	1.5976797
144.91211	-26.30654	1.6134223
145.01221	-26.305264	1.6313916
145.1123	-26.305214	1.6261182
145.2124	-26.305367	1.6223013
145.3125	-26.30555	1.6123718
145.4126	-26.303404	1.6772412
145.5127	-26.302553	1.692162
145.61279	-26.302055	1.7125981
145.71289	-26.302208	1.7003349
145.81299	-26.301575	1.6855135
145.91309	-26.302055	1.6893599
146.01318	-26.301952	1.6817213
146.11328	-26.301828	1.6799502
146.21338	-26.303988	1.6248177
146.31348	-26.304195	1.620073
146.41357	-26.304508	1.6154561
146.51367	-26.304947	1.589227
146.61377	-26.305954	1.5425299
146.71387	-26.30496	1.5646306
146.81396	-26.306425	1.5453609
146.91406	-26.304277	1.5871236
147.01416	-26.304054	1.6186221
147.11426	-26.304474	1.6048154
147.21436	-26.304338	1.6007788
147.31445	-26.305687	1.5781592
147.41455	-26.304985	1.5835531
147.51465	-26.303701	1.599543
147.61475	-26.304108	1.6061763
147.71484	-26.302408	1.6559511
147.81494	-26.301369	1.7034737
147.91504	-26.30018	1.7479192
148.01514	-26.298733	1.75656
148.11523	-26.298252	1.7805409
148.21533	-26.29755	1.788597
148.31543	-26.2969	1.792371
148.41553	-26.297745	1.7600484
148.51563	-26.298252	1.7377625
148.61572	-26.299147	1.6872736
148.71582	-26.29884	1.6933473
148.81592	-26.297033	1.7332922
148.91602	-26.29808	1.7074991
149.01611	-26.297571	1.6911062
149.11621	-26.297943	1.694654
149.21631	-26.297718	1.6933597
149.31641	-26.298962	1.6542227
149.4165	-26.299824	1.6034677
149.5166	-26.300911	1.5528402
149.6167	-26.301382	1.541772
149.7168	-26.300146	1.5405695
149.81689	-26.300137	1.5565273
149.91699	-26.299	1.5825925
150.01709	-26.297953	1.6198784
150.11719	-26.298052	1.622915
150.21729	-26.297363	1.6417434
150.31738	-26.296392	1.6783909
150.41748	-26.295288	1.6999636
150.51758	-26.294382	1.73063
150.61768	-26.293037	1.7791762
150.71777	-26.292263	1.7937181
150.81787	-26.291643	1.8258356
150.91797	-26.290888	1.8472661
151.01807	-26.290726	1.8412143
151.11816	-26.291225	1.8341016
151.21826	-26.290174	1.8570158
151.31836	-26.290543	1.8426102
151.41846	-26.290726	1.8346705
151.51855	-26.290686	1.820389
151.61865	-26.293062	1.7464491
151.71875	-26.294527	1.6716305
151.81885	-26.295288	1.6496497
151.91895	-26.295176	1.6522819
152.01904	-26.295677	1.6388345
152.11914	-26.295403	1.6269758
152.21924	-26.296236	1.5971928
152.31934	-26.297564	1.5415026
152.41943	-26.299114	1.4779835
152.51953	-26.299694	1.4580377
152.61963	-26.29805	1.4983194
152.71973	-26.297285	1.5389591
152.81982	-26.293262	1.6467795
152.91992	-26.291113	1.730157
153.02002	-26.289429	1.776561
153.12012	-26.289118	1.7931101
153.22021	-26.288109	1.7949206
153.32031	-26.289711	1.7510202
153.42041	-26.28919	1.7646518
153.52051	-26.287687	1.8452652
153.62061	-26.286552	1.8760929
153.7207	-26.285486	1.8925897
153.8208	-26.285961	1.8749318
153.9209	-26.286463	1.8770542
154.021	-26.285315	1.8932399
154.12109	-26.286634	1.8597265
154.22119	-26.286333	1.8463026
154.32129	-26.287565	1.8040441
154.42139	-26.288816	1.7740229
154.52148	-26.289505	1.7353284
154.62158	-26.290707	1.7062613
154.72168	-26.291313	1.6773827
154.82178	-26.292854	1.6276253
154.92188	-26.293369	1.5885124
155.02197	-26.293621	1.5763395
155.12207	-26.292871	1.5743449
155.22217	-26.293373	1.5591118
155.32227	-26.292349	1.595731
155.42236	-26.292208	1.5921301
155.52246	-26.291075	1.6083256
155.62256	-26.291239	1.6041107
155.72266	-26.291292	1.6069388
155.82275	-26.290485	1.6300192
155.92285	-26.287903	1.6950598
156.02295	-26.285709	1.7703091
156.12305	-26.283419	1.8406514
156.22314	-26.282368	1.8684068
156.32324	-26.282402	1.8641791
156.42334	-26.281601	1.8847803
156.52344	-26.280317	1.907725
156.62354	-26.280317	1.8866979
156.72363	-26.279678	1.9113566
156.82373	-26.279457	1.9218696
156.92383	-26.280102	1.8943734
157.02393	-26.280535	1.8486753
157.12402	-26.281561	1.7991643
157.22412	-26.281961	1.7846118
157.32422	-26.282084	1.7698205
157.42432	-26.2827	1.7412596
157.52441	-26.284306	1.7117318
157.62451	-26.284628	1.6846573
157.72461	-26.285854	1.6365625
157.82471	-26.286663	1.6002228
157.9248	-26.287714	1.5590177
158.0249	-26.287178	1.5615666
158.125	-26.285448	1.6008277
158.2251	-26.284685	1.6189976
158.3252	-26.284563	1.6254036
158.42529	-26.284271	1.6415191
158.52539	-26.281681	1.717777
158.62549	-26.280016	1.7620063
158.72559	-26.278732	1.7947165
158.82568	-26.277439	1.8249658
158.92578	-26.276901	1.853335
159.02588	-26.276287	1.8767785
159.12598	-26.275427	1.9093744
159.22607	-26.274483	1.9509426
159.32617	-26.274078	1.9532694
159.42627	-26.273951	1.9419997
159.52637	-26.274599	1.9433992
159.62646	-26.273619	1.9587246
159.72656	-26.273523	1.9616704
159.82666	-26.274717	1.9197546
159.92676	-26.275785	1.8930236
160.02686	-26.27722	1.8477811
160.12695	-26.278631	1.7913493
160.22705	-26.279886	1.7365345
160.32715	-26.282188	1.6595194
160.42725	-26.28162	1.6598939
160.52734	-26.27829	1.7435722
160.62744	-26.277559	1.7895848
160.72754	-26.279219	1.7121887
160.82764	-26.281073	1.6420358
160.92773	-26.281275	1.620509
161.02783	-26.280289	1.6197038
161.12793	-26.280182	1.637364
161.22803	-26.278498	1.677862
161.32813	-26.276894	1.7339698
161.42822	-26.274733	1.7892017
161.52832	-26.274082	1.8153915
161.62842	-26.273443	1.8333125
161.72852	-26.271534	1.8795587
161.82861	-26.26968	1.9496469
161.92871	-26.267952	2.0085683
162.02881	-26.266577	2.0594113
162.12891	-26.265995	2.0582681
162.229	-26.266302	2.0453055
162.3291	-26.268251	1.9979244
162.4292	-26.26893	1.9523749
162.5293	-26.269606	1.9236757
162.62939	-26.270565	1.9019687
162.72949	-26.271437	1.8759887
162.82959	-26.272619	1.8212608
162.92969	-26.274431	1.7645034
163.02979	-26.276535	1.6990076
163.12988	-26.2766	1.677424
163.22998	-26.277061	1.6461991
163.33008	-26.277697	1.613598
163.43018	-26.27743	1.5991175
163.53027	-26.277576	1.6030996
163.63037	-26.276627	1.6093942
163.73047	-26.275724	1.6384579
163.83057	-26.274521	1.6609113
163.93066	-26.273935	1.6750479
164.03076	-26.272045	1.7444366
164.13086	-26.269732	1.8125849
164.23096	-26.268284	1.8695527
164.33105	-26.265547	1.9315623
164.43115	-26.263744	1.9776295
164.53125	-26.263247	2.0050156
164.63135	-26.263174	2.0133524
164.73145	-26.261555	2.0271235
164.83154	-26.261597	2.0285316
164.93164	-26.260696	2.0536003
165.03174	-26.26141	2.0266955
165.13184	-26.26232	2.0062995
165.23193	-26.263613	1.958486
165.33203	-26.262995	1.9593849
165.43213	-26.261969	1.9946787
165.53223	-26.2614	2.000536
165.63232	-26.263952	1.9206202
165.73242	-26.266516	1.8144279
165.83252	-26.268686	1.7254287
165.93262	-26.270479	1.6746231
166.03271	-26.269676	1.6508584
166.13281	-26.270401	1.6237091
166.23291	-26.269854	1.6390581
166.33301	-26.268402	1.6551468
166.43311	-26.26767	1.6862679
166.5332	-26.2675	1.7005167
166.6333	-26.265583	1.7316754
166.7334	-26.264469	1.7596166
166.8335	-26.263956	1.7841516
166.93359	-26.26206	1.8522112
167.03369	-26.260309	1.9081066
167.13379	-26.259066	1.9672811
167.23389	-26.258226	1.9966334
167.33398	-26.256838	2.0429792
167.43408	-26.256704	2.0683036
167.53418	-26.255219	2.1011045
167.63428	-26.255684	2.0713997
167.73438	-26.255512	2.0785816
167.83447	-26.25596	2.0690477
167.93457	-26.256214	2.0490294
168.03467	-26.25709	2.0067198
168.13477	-26.258083	1.9813031
168.23486	-26.259657	1.9476995
168.33496	-26.261923	1.8702513
168.43506	-26.264292	1.786659
168.53516	-26.264988	1.7378113
168.63525	-26.264925	1.7196069
168.73535	-26.266378	1.6811074
168.83545	-26.266588	1.6702775
168.93555	-26.266426	1.6628845
169.03564	-26.265699	1.6859742
169.13574	-26.265633	1.6821816
169.23584	-26.265823	1.6832972
169.33594	-26.264072	1.700778
169.43604	-26.263393	1.7147119
169.53613	-26.262005	1.7536451
169.63623	-26.259478	1.8122354
169.73633	-26.256903	1.8876777
169.83643	-26.254463	1.9720567
169.93652	-26.254019	1.9996234
170.03662	-26.254128	1.996709
170.13672	-26.253431	2.0325019
170.23682	-26.252621	2.0658896
170.33691	-26.250628	2.1177034
170.43701	-26.249937	2.1282268
170.53711	-26.250469	2.1120098
170.63721	-26.25252	2.0590594
170.7373	-26.253176	2.014643
170.8374	-26.254856	1.9947894
170.9375	-26.256319	1.9385877
171.0376	-26.256834	1.9182293
171.1377	-26.257244	1.8858579
171.23779	-26.258413	1.859071
171.33789	-26.259363	1.812167
171.43799	-26.260731	1.7514005
171.53809	-26.261301	1.7205437
171.63818	-26.262835	1.6716895
171.73828	-26.262648	1.6684088
171.83838	-26.261337	1.6889877
171.93848	-26.261175	1.7067306
172.03857	-26.259367	1.7378939
172.13867	-26.259098	1.7616227
172.23877	-26.257362	1.7931474
172.33887	-26.256363	1.8326097
172.43896	-26.253496	1.8913665
172.53906	-26.252003	1.9588333
172.63916	-26.249569	2.0196636
172.73926	-26.248524	2.0583239
172.83936	-26.247904	2.0828862
172.93945	-26.246071	2.1470952
173.03955	-26.245972	2.1518855
173.13965	-26.245483	2.1582861
173.23975	-26.245584	2.1578267
173.33984	-26.245838	2.1576679
173.43994	-26.246212	2.134599
173.54004	-26.246784	2.1134315
173.64014	-26.248232	2.0713003
173.74023	-26.249544	2.0260665
173.84033	-26.25165	1.9605995
173.94043	-26.25259	1.9130036
174.04053	-26.253632	1.8779236
174.14063	-26.25474	1.8338383
174.24072	-26.256063	1.7978092
174.34082	-26.256325	1.7575597
174.44092	-26.257019	1.7396278
174.54102	-26.257854	1.703457
174.64111	-26.25787	1.6790068
174.74121	-26.258572	1.6744961
174.84131	-26.257345	1.7039778
174.94141	-26.253944	1.7864544
175.0415	-26.251848	1.8506243
175.1416	-26.250488	1.8962027
175.2417	-26.24922	1.9105721
175.3418	-26.24777	1.9519194
175.44189	-26.245522	2.0070577
175.54199	-26.244059	2.0595248
175.64209	-26.243027	2.1122205
175.74219	-26.243307	2.095448
175.84229	-26.243679	2.077111
175.94238	-26.243612	2.0838268
176.04248	-26.242893	2.1107576
176.14258	-26.240513	2.1997905
176.24268	-26.241058	2.1729238
176.34277	-26.242163	2.1449933