MTS793|MPT|ENU|1|2|.|/|:|1|0|0|A

Data Acquisition						Time:	102.57251	Sec	5/8/2017 7:33:52 PM
Time	Axial Displacement	Axial Force
Sec	mm	N
3.0566406	-26.911352	0.10251208
3.1567383	-26.917564	0.06210858
3.2568359	-26.910204	0.10769997
3.3569336	-26.91576	0.068750255
3.4570313	-26.913025	0.096278645
3.5571289	-26.913595	0.086553805
3.6572266	-26.914351	0.07878042
3.7573242	-26.913074	0.090732507
3.8574219	-26.914103	0.083690487
3.9575195	-26.91234	0.093780562
4.0576172	-26.916925	0.059943788
4.1577148	-26.910673	0.10909268
4.2578125	-26.917442	0.057391327
4.3579102	-26.913248	0.093173005
4.4580078	-26.916077	0.064755589
4.5581055	-26.916624	0.06619443
4.6582031	-26.916996	0.058026467
4.7583008	-26.91379	0.084002413
4.8583984	-26.918726	0.044842284
4.9584961	-26.914288	0.083885632
5.0585938	-26.91597	0.06878937
5.1586914	-26.916199	0.069916457
5.2587891	-26.914564	0.08206141
5.3588867	-26.914804	0.08029411
5.4589844	-26.916899	0.06537088
5.559082	-26.916452	0.068684779
5.6591797	-26.917175	0.063460223
5.7592773	-26.912653	0.094552748
5.859375	-26.916836	0.06573043
5.9594727	-26.914743	0.082074612
6.0595703	-26.915255	0.07024765
6.159668	-26.915485	0.07648401
6.2597656	-26.913336	0.087355949
6.3598633	-26.920233	0.041635897
6.4599609	-26.912645	0.095310867
6.5600586	-26.920092	0.039309897
6.6601563	-26.912348	0.093134657
6.7602539	-26.91951	0.044239607
6.8603516	-26.913374	0.088947654
6.9604492	-26.918354	0.049334433
7.0605469	-26.911482	0.098744161
7.1606445	-26.914223	0.079139672
7.2607422	-26.910587	0.10108835
7.3608398	-26.914646	0.074130297
7.4609375	-26.914278	0.081221476
7.5610352	-26.915472	0.071805865
7.6611328	-26.914043	0.084982723
7.7612305	-26.913944	0.07851021
7.8613281	-26.914099	0.077667363
7.9614258	-26.91374	0.085129716
8.0615234	-26.913084	0.093367659
8.1616211	-26.906694	0.12116036
8.2617188	-26.910261	0.10986175
8.3618164	-26.902805	0.1480556
8.4619141	-26.908197	0.11273347
8.5620117	-26.902603	0.15045804
8.6621094	-26.907928	0.10944337
8.762207	-26.903292	0.14201045
8.8623047	-26.909534	0.095606372
8.9624023	-26.906549	0.11823715
9.0625	-26.906635	0.12300263
9.1625977	-26.906549	0.12004013
9.2626953	-26.907698	0.11045409
9.362793	-26.907057	0.11769921
9.4628906	-26.908211	0.10395557
9.5629883	-26.906052	0.1235007
9.6630859	-26.907425	0.10970596
9.7631836	-26.907475	0.11000084
9.8632813	-26.905289	0.12791359
9.9633789	-26.906282	0.12429978
10.063477	-26.905222	0.1286758
10.163574	-26.908939	0.10289334
10.263672	-26.904417	0.13602406
10.36377	-26.90951	0.094485424
10.463867	-26.906046	0.12279722
10.563965	-26.905058	0.12764466
10.664063	-26.906635	0.10992902
10.76416	-26.902746	0.13619398
10.864258	-26.904514	0.12471601
10.964355	-26.905878	0.11771156
11.064453	-26.903284	0.13674049
11.164551	-26.90836	0.10224769
11.264648	-26.906532	0.11304905
11.364746	-26.905455	0.12117096
11.464844	-26.907881	0.10018329
11.564941	-26.900389	0.16080169
11.665039	-26.906656	0.10113718
11.765137	-26.903494	0.13137321
11.865234	-26.906036	0.11462185
11.965332	-26.9048	0.12539601
12.06543	-26.904411	0.13110293
12.165527	-26.900927	0.15793642
12.265625	-26.904961	0.12011088
12.365723	-26.903994	0.1301306
12.46582	-26.907131	0.10890519
12.565918	-26.903366	0.1382107
12.666016	-26.906311	0.11347094
12.766113	-26.904034	0.13984993
12.866211	-26.899963	0.16554745
12.966309	-26.89839	0.18011953
13.066406	-26.896156	0.18968908
13.166504	-26.897768	0.17702664
13.266602	-26.899656	0.1600462
13.366699	-26.898443	0.17230308
13.466797	-26.899187	0.16379055
13.566895	-26.896235	0.18602172
13.666992	-26.899811	0.15205987
13.76709	-26.89603	0.19073191
13.867188	-26.899296	0.15469328
13.967285	-26.897646	0.17124118
14.067383	-26.897223	0.1674251
14.16748	-26.898193	0.16105035
14.267578	-26.896658	0.16882291
14.367676	-26.898346	0.16614944
14.467773	-26.89822	0.15804389
14.567871	-26.897892	0.16417764
14.667969	-26.89653	0.17359079
14.768066	-26.896448	0.16819109
14.868164	-26.89761	0.15995434
14.968262	-26.89823	0.15644236
15.068359	-26.897036	0.16869414
15.168457	-26.89922	0.15297344
15.268555	-26.895855	0.17194445
15.368652	-26.896502	0.16743615
15.46875	-26.89908	0.14200637
15.568848	-26.894522	0.17964381
15.668945	-26.896194	0.16579054
15.769043	-26.897753	0.15385954
15.869141	-26.896152	0.16939647
15.969238	-26.896139	0.16829538
16.069336	-26.897331	0.15834564
16.169434	-26.89847	0.15403883
16.269531	-26.897203	0.15790156
16.369629	-26.894575	0.17708889
16.469727	-26.898624	0.14117186
16.569824	-26.89604	0.16417596
16.669922	-26.896585	0.16010839
16.77002	-26.895252	0.17039914
16.870117	-26.896748	0.14717871
16.970215	-26.895144	0.17098309
17.070313	-26.896515	0.15261506
17.17041	-26.894323	0.17619608
17.270508	-26.895693	0.16404147
17.370605	-26.885204	0.24265891
17.470703	-26.892769	0.17937657
17.570801	-26.887836	0.22061087
17.670898	-26.889502	0.20324937
17.770996	-26.887075	0.22143042
17.871094	-26.889168	0.20147996
17.971191	-26.885307	0.23016426
18.071289	-26.889103	0.19894895
18.171387	-26.884819	0.23298308
18.271484	-26.888973	0.2009957
18.371582	-26.885914	0.22522993
18.47168	-26.887306	0.21193792
18.571777	-26.884201	0.24109237
18.671875	-26.888908	0.19101872
18.771973	-26.884094	0.24094982
18.87207	-26.887251	0.20129248
18.972168	-26.884604	0.22469816
19.072266	-26.885523	0.21611033
19.172363	-26.886379	0.213631
19.272461	-26.886408	0.20813243
19.372559	-26.884964	0.22142741
19.472656	-26.883955	0.22482942
19.572754	-26.885778	0.21449991
19.672852	-26.885107	0.21303333
19.772949	-26.884033	0.22442804
19.873047	-26.88586	0.20863642
19.973145	-26.885313	0.21671845
20.073242	-26.885029	0.21520799
20.17334	-26.883154	0.22729474
20.273438	-26.885958	0.20684578
20.373535	-26.884157	0.22145183
20.473633	-26.883671	0.22002427
20.57373	-26.884941	0.21033821
20.673828	-26.882275	0.22895427
20.773926	-26.884178	0.21521457
20.874023	-26.88344	0.22294062
20.974121	-26.884171	0.21310623
21.074219	-26.882523	0.22540154
21.174316	-26.883736	0.21878669
21.274414	-26.883234	0.22014534
21.374512	-26.882771	0.22536233
21.474609	-26.882141	0.22742981
21.574707	-26.881039	0.23876844
21.674805	-26.879541	0.24606553
21.774902	-26.882505	0.22990838
21.875	-26.881081	0.23906364
21.975098	-26.8818	0.23697647
22.075195	-26.886198	0.1975814
22.175293	-26.882984	0.2250942
22.275391	-26.88224	0.22752948
22.375488	-26.885286	0.20348814
22.475586	-26.879951	0.25028828
22.575684	-26.886114	0.19832599
22.675781	-26.872784	0.30196816
22.775879	-26.882824	0.21131533
22.875977	-26.871155	0.30371997
22.976074	-26.880732	0.22414416
23.076172	-26.874401	0.27134702
23.17627	-26.878433	0.23826876
23.276367	-26.872849	0.2786881
23.376465	-26.876295	0.24565481
23.476563	-26.874851	0.25835118
23.57666	-26.875898	0.24733073
23.676758	-26.872513	0.27704185
23.776855	-26.875906	0.24344112
23.876953	-26.869642	0.29942477
23.977051	-26.876713	0.23499434
24.077148	-26.869661	0.29534847
24.177246	-26.873981	0.25886235
24.277344	-26.868069	0.31039253
24.377441	-26.872032	0.26875284
24.477539	-26.869946	0.28760377
24.577637	-26.870707	0.27807179
24.677734	-26.871937	0.27427939
24.777832	-26.869392	0.28948814
24.87793	-26.870466	0.28316537
24.978027	-26.86899	0.28788838
25.078125	-26.869783	0.28293553
25.178223	-26.868393	0.28702679
25.27832	-26.870098	0.27851847
25.378418	-26.870235	0.26666662
25.478516	-26.868187	0.29028103
25.578613	-26.873569	0.23919921
25.678711	-26.866543	0.30280203
25.778809	-26.871422	0.25213847
25.878906	-26.867643	0.28491843
25.979004	-26.87002	0.26355204
26.079102	-26.866039	0.29935056
26.179199	-26.870066	0.25934842
26.279297	-26.864687	0.3093771
26.379395	-26.868279	0.27092925
26.479492	-26.866915	0.2882854
26.57959	-26.865868	0.29149455
26.679688	-26.865059	0.30149725
26.779785	-26.867237	0.28364483
26.879883	-26.864279	0.30864561
26.97998	-26.867641	0.27839765
27.080078	-26.863876	0.31111655
27.180176	-26.867582	0.27601817
27.280273	-26.863548	0.31372434
27.380371	-26.866623	0.28774977
27.480469	-26.864868	0.29883152
27.580566	-26.867699	0.27906534
27.680664	-26.865595	0.29374596
27.780762	-26.866226	0.28078875
27.880859	-26.865366	0.28914288
27.980957	-26.867422	0.27741653
28.081055	-26.86577	0.2847884
28.181152	-26.866743	0.27287433
28.28125	-26.865887	0.28069416
28.381348	-26.868021	0.26566818
28.481445	-26.866987	0.26901674
28.581543	-26.857273	0.3510322
28.681641	-26.866182	0.26806334
28.781738	-26.853598	0.35874498
28.881836	-26.861012	0.30687889
28.981934	-26.85615	0.31979474
29.082031	-26.85232	0.36923644
29.182129	-26.861254	0.26704109
29.282227	-26.846085	0.41374457
29.382324	-26.863218	0.24982044
29.482422	-26.84304	0.43038005
29.58252	-26.859215	0.28220806
29.682617	-26.842852	0.42357355
29.782715	-26.859747	0.27971604
29.882813	-26.842968	0.41807544
29.98291	-26.853079	0.32317623
30.083008	-26.844154	0.39865106
30.183105	-26.854042	0.31354344
30.283203	-26.845148	0.37509322
30.383301	-26.84771	0.36641967
30.483398	-26.854477	0.28505448
30.583496	-26.841805	0.40981922
30.683594	-26.8584	0.24629635
30.783691	-26.839041	0.43231019
30.883789	-26.855804	0.26788402
30.983887	-26.841303	0.40149176
31.083984	-26.851191	0.30237272
31.184082	-26.842903	0.37832108
31.28418	-26.849672	0.31676996
31.384277	-26.846697	0.34149668
31.484375	-26.846926	0.34222516
31.584473	-26.848211	0.32761079
31.68457	-26.843285	0.37089542
31.784668	-26.846958	0.33609557
31.884766	-26.845671	0.34721798
31.984863	-26.844109	0.35743314
32.084961	-26.843311	0.36572683
32.185059	-26.845749	0.34557822
32.285156	-26.839691	0.39538643
32.385254	-26.842283	0.36212754
32.485352	-26.840487	0.38376993
32.585449	-26.842333	0.36444205
32.685547	-26.840124	0.38319868
32.785645	-26.841194	0.37192783
32.885742	-26.840794	0.37511083
32.98584	-26.841806	0.36943382
33.085938	-26.844481	0.34454963
33.186035	-26.84042	0.37955052
33.286133	-26.843706	0.34537479
33.38623	-26.841324	0.36961812
33.486328	-26.842524	0.35773483
33.586426	-26.841749	0.3614175
33.686523	-26.843645	0.34410873
33.786621	-26.840921	0.36514559
33.886719	-26.84396	0.34055522
33.986816	-26.839111	0.37832338
34.086914	-26.844959	0.32075664
34.187012	-26.83976	0.36575702
34.287109	-26.843107	0.33331236
34.387207	-26.839561	0.36332741
34.487305	-26.844015	0.32333183
34.587402	-26.839495	0.36885419
34.6875	-26.843529	0.33249331
34.787598	-26.83779	0.37712374
34.887695	-26.841873	0.33866304
34.987793	-26.836554	0.38855022
35.087891	-26.842701	0.33791539
35.187988	-26.839737	0.36522043
35.288086	-26.836554	0.39251271
35.388184	-26.841331	0.34693998
35.488281	-26.836477	0.39000094
35.588379	-26.84218	0.33615917
35.688477	-26.836323	0.39097783
35.788574	-26.84082	0.34577474
35.888672	-26.835159	0.3949855
35.98877	-26.841583	0.33358294
36.088867	-26.838326	0.36688241
36.188965	-26.840805	0.34160233
36.289063	-26.837297	0.3738772
36.38916	-26.843281	0.31814817
36.489258	-26.836498	0.38577166
36.589355	-26.840746	0.34166601
36.689453	-26.831635	0.41626251
36.789551	-26.836483	0.370689
36.889648	-26.833904	0.38358924
36.989746	-26.833199	0.38825127
37.089844	-26.834097	0.37774855
37.189941	-26.831186	0.40958863
37.290039	-26.835064	0.37500829
37.390137	-26.830296	0.41298455
37.490234	-26.835197	0.36652845
37.590332	-26.829699	0.41660303
37.69043	-26.833195	0.38630453
37.790527	-26.828529	0.41593897
37.890625	-26.832813	0.37807155
37.990723	-26.828342	0.41646463
38.09082	-26.829481	0.40256709
38.190918	-26.826534	0.42982617
38.291016	-26.828762	0.40680355
38.391113	-26.825491	0.43919164
38.491211	-26.831528	0.38604257
38.591309	-26.824671	0.44536662
38.691406	-26.827143	0.41837254
38.791504	-26.828733	0.40203032
38.891602	-26.826612	0.42492533
38.991699	-26.828737	0.39350092
39.091797	-26.827139	0.40536195
39.191895	-26.827902	0.39487487
39.291992	-26.827351	0.39943787
39.39209	-26.827492	0.40161049
39.492188	-26.829556	0.37366301
39.592285	-26.827082	0.39582711
39.692383	-26.828283	0.38129431
39.79248	-26.828619	0.38016796
39.892578	-26.826342	0.39808288
39.992676	-26.826807	0.39155206
40.092773	-26.825371	0.40666127
40.192871	-26.82505	0.40344253
40.292969	-26.823067	0.42141575
40.393066	-26.824415	0.39750168
40.493164	-26.824343	0.4012073
40.593262	-26.820688	0.43761769
40.693359	-26.821863	0.42649978
40.793457	-26.820442	0.4330098
40.893555	-26.820818	0.42739162
40.993652	-26.821573	0.41438898
41.09375	-26.820518	0.43076149
41.193848	-26.821131	0.41973886
41.293945	-26.821234	0.42176282
41.394043	-26.822247	0.4050343
41.494141	-26.81687	0.45261481
41.594238	-26.822264	0.39516065
41.694336	-26.812057	0.49803481
41.794434	-26.820625	0.40309727
41.894531	-26.813019	0.47410154
41.994629	-26.818369	0.41774014
42.094727	-26.813259	0.46309721
42.194824	-26.817259	0.41424453
42.294922	-26.812588	0.46153957
42.39502	-26.815756	0.43450159
42.495117	-26.814413	0.43954638
42.595215	-26.814346	0.4393301
42.695313	-26.814022	0.43537915
42.79541	-26.812159	0.45239496
42.895508	-26.813711	0.43464577
42.995605	-26.810793	0.46014518
43.095703	-26.810274	0.46218213
43.195801	-26.811518	0.45512432
43.295898	-26.808926	0.46852541
43.395996	-26.809467	0.46894425
43.496094	-26.808208	0.47546726
43.596191	-26.808031	0.47818267
43.696289	-26.806618	0.49115595
43.796387	-26.808126	0.47390574
43.896484	-26.805788	0.49698144
43.996582	-26.806787	0.47756794
44.09668	-26.807482	0.47323206
44.196777	-26.807899	0.47409341
44.296875	-26.808132	0.47135818
44.396973	-26.805643	0.48709828
44.49707	-26.809961	0.44240546
44.597168	-26.807144	0.46410638
44.697266	-26.80685	0.46528506
44.797363	-26.8074	0.45666111
44.897461	-26.808603	0.44273087
44.997559	-26.807186	0.45504308
45.097656	-26.808254	0.4431622
45.197754	-26.80662	0.45627654
45.297852	-26.80522	0.46790969
45.397949	-26.806717	0.44332018
45.498047	-26.804298	0.47498342
45.598145	-26.808792	0.42768693
45.698242	-26.801403	0.49790153
45.79834	-26.808409	0.42621639
45.898438	-26.80146	0.48962405
45.998535	-26.805613	0.4461287
46.098633	-26.799641	0.49981451
46.19873	-26.803576	0.46248293
46.298828	-26.799715	0.4978472
46.398926	-26.799625	0.49030727
46.499023	-26.801426	0.47559667
46.599121	-26.797997	0.50997519
46.699219	-26.801449	0.47282219
46.799316	-26.798038	0.49990317
46.899414	-26.800291	0.48037037
46.999512	-26.798193	0.48808613
47.099609	-26.797949	0.49630362
47.199707	-26.799879	0.46885949
47.299805	-26.797655	0.48781508
47.399902	-26.800568	0.45908612
47.5	-26.798885	0.47753438
47.600098	-26.802095	0.44448137
47.700195	-26.797819	0.48642647
47.800293	-26.800127	0.45611292
47.900391	-26.790419	0.54762179
48.000488	-26.798498	0.46159783
48.100586	-26.79299	0.50119442
48.200684	-26.791418	0.52487743
48.300781	-26.794216	0.47579625
48.400879	-26.785915	0.56111139
48.500977	-26.793348	0.47916499
48.601074	-26.781982	0.59511316
48.701172	-26.79278	0.47529912
48.80127	-26.781473	0.58267933
48.901367	-26.789873	0.50287783
49.001465	-26.783386	0.57131475
49.101563	-26.785828	0.54039383
49.20166	-26.781998	0.57207525
49.301758	-26.78441	0.54998517
49.401855	-26.784212	0.54445064
49.501953	-26.781261	0.57522631
49.602051	-26.784365	0.53442121
49.702148	-26.781216	0.56656408
49.802246	-26.784603	0.53602272
49.902344	-26.783297	0.5420509
50.002441	-26.784218	0.52483523
50.102539	-26.783295	0.53047925
50.202637	-26.783577	0.52675211
50.302734	-26.784386	0.51817495
50.402832	-26.782593	0.53516191
50.50293	-26.785587	0.49341586
50.603027	-26.781706	0.53681308
50.703125	-26.785402	0.49265328
50.803223	-26.780718	0.53827226
50.90332	-26.785425	0.49965164
51.003418	-26.782871	0.51989841
51.103516	-26.782839	0.52360761
51.203613	-26.783321	0.51116741
51.303711	-26.78091	0.535115
51.403809	-26.7815	0.52135617
51.503906	-26.780279	0.54151261
51.604004	-26.7794	0.53944397
51.704102	-26.775824	0.57198393
51.804199	-26.780148	0.53172356
51.904297	-26.775999	0.5643025
52.004395	-26.777617	0.54610974
52.104492	-26.777269	0.55072707
52.20459	-26.776434	0.55646479
52.304688	-26.77813	0.53716207
52.404785	-26.778837	0.53325075
52.504883	-26.778378	0.53953677
52.60498	-26.778069	0.54051852
52.705078	-26.777565	0.53902137
52.805176	-26.779129	0.52236241
52.905273	-26.779421	0.51643467
53.005371	-26.777857	0.53603536
53.105469	-26.778482	0.52194834
53.205566	-26.77755	0.530725
53.305664	-26.778053	0.52210349
53.405762	-26.778429	0.52186865
53.505859	-26.777081	0.52419651
53.605957	-26.77651	0.52707648
53.706055	-26.777447	0.52269328
53.806152	-26.778152	0.51271427
53.90625	-26.773649	0.54848266
54.006348	-26.775143	0.53394961
54.106445	-26.774202	0.54023796
54.206543	-26.773088	0.55539423
54.306641	-26.77438	0.53896338
54.406738	-26.771778	0.5585171
54.506836	-26.773203	0.55178446
54.606934	-26.773935	0.54198855
54.707031	-26.771818	0.56573516
54.807129	-26.766335	0.61482894
54.907227	-26.766666	0.60407919
55.007324	-26.765089	0.61787307
55.107422	-26.767015	0.58629125
55.20752	-26.762796	0.62874973
55.307617	-26.769697	0.55367082
55.407715	-26.764156	0.60384333
55.507813	-26.765326	0.59260857
55.60791	-26.766041	0.57531273
55.708008	-26.76276	0.61398619
55.808105	-26.766134	0.56599164
55.908203	-26.764246	0.58610308
56.008301	-26.767954	0.53955513
56.108398	-26.76363	0.5825516
56.208496	-26.764547	0.56902528
56.308594	-26.763536	0.57312107
56.408691	-26.76408	0.56944019
56.508789	-26.76185	0.58265179
56.608887	-26.762745	0.57688063
56.708984	-26.763208	0.56692541
56.809082	-26.761667	0.58121008
56.90918	-26.761528	0.57547009
57.009277	-26.761408	0.57049334
57.109375	-26.75878	0.59539127
57.209473	-26.758335	0.59577209
57.30957	-26.757742	0.60751212
57.409668	-26.75869	0.59210694
57.509766	-26.755648	0.62085545
57.609863	-26.756746	0.60591793
57.709961	-26.756437	0.60574538
57.810059	-26.757029	0.598158
57.910156	-26.756483	0.6129486
58.010254	-26.757736	0.58700418
58.110352	-26.754038	0.62857962
58.210449	-26.758396	0.57026482
58.310547	-26.753504	0.62636036
58.410645	-26.759279	0.56354022
58.510742	-26.753199	0.62587363
58.61084	-26.757114	0.57484704
58.710938	-26.753782	0.60820991
58.811035	-26.757914	0.56259924
58.911133	-26.755491	0.5871833
59.01123	-26.755917	0.57671744
59.111328	-26.75539	0.58140993
59.211426	-26.755087	0.57929891
59.311523	-26.755819	0.57483333
59.411621	-26.752132	0.60961157
59.511719	-26.755138	0.57000339
59.611816	-26.752378	0.60024881
59.711914	-26.753529	0.57734829
59.812012	-26.750719	0.61003202
59.912109	-26.754026	0.57148963
60.012207	-26.7519	0.60052049
60.112305	-26.751917	0.59457988
60.212402	-26.751591	0.59143913
60.3125	-26.749063	0.62043101
60.412598	-26.751869	0.58734304
60.512695	-26.742369	0.68501109
60.612793	-26.746677	0.64262766
60.712891	-26.746521	0.62068909
60.812988	-26.73951	0.69771427
60.913086	-26.747229	0.61092889
61.013184	-26.74111	0.67377323
61.113281	-26.744904	0.63556284
61.213379	-26.740604	0.66942388
61.313477	-26.745899	0.60936415
61.413574	-26.741018	0.65791231
61.513672	-26.742908	0.63164073
61.61377	-26.740601	0.65449643
61.713867	-26.741909	0.63217527
61.813965	-26.740673	0.64276844
61.914063	-26.740349	0.64474458
62.01416	-26.741537	0.62118691
62.114258	-26.738089	0.65873867
62.214355	-26.741911	0.61304832
62.314453	-26.739132	0.64197552
62.414551	-26.736519	0.66380525
62.514648	-26.739063	0.63340223
62.614746	-26.73638	0.6616655
62.714844	-26.737707	0.63966
62.814941	-26.733194	0.67639327
62.915039	-26.736916	0.64433694
63.015137	-26.73332	0.6739077
63.115234	-26.732687	0.68271762
63.215332	-26.735035	0.6489116
63.31543	-26.730917	0.69123143
63.415527	-26.733847	0.65410513
63.515625	-26.732613	0.67197883
63.615723	-26.733053	0.66051859
63.71582	-26.729797	0.68752587
63.815918	-26.732059	0.66199964
63.916016	-26.730562	0.6787129
64.016113	-26.729921	0.67760026
64.116211	-26.730957	0.66627789
64.216309	-26.729347	0.67304599
64.316406	-26.731373	0.65154779
64.416504	-26.729866	0.66059202
64.516602	-26.731359	0.64749169
64.616699	-26.731188	0.65254366
64.716797	-26.729376	0.66784084
64.816895	-26.730709	0.63835984
64.916992	-26.726158	0.6946997
65.01709	-26.73011	0.64291567
65.117188	-26.727829	0.66548586
65.217285	-26.726191	0.68348294
65.317383	-26.729275	0.63630319
65.41748	-26.723181	0.70231563
65.517578	-26.73053	0.62719357
65.617676	-26.7234	0.69566154
65.717773	-26.727688	0.65155548
65.817871	-26.724438	0.67828566
65.917969	-26.724646	0.67715901
66.018066	-26.726559	0.6484248
66.118164	-26.721556	0.70311159
66.218262	-26.727989	0.62975597
66.318359	-26.722475	0.68880188
66.418457	-26.72533	0.65843403
66.518555	-26.723227	0.6819306
66.618652	-26.726643	0.64617616
66.71875	-26.72337	0.67363542
66.818848	-26.725512	0.65382117
66.918945	-26.725063	0.65381128
67.019043	-26.722519	0.67677504
67.119141	-26.72497	0.64916098
67.219238	-26.721821	0.68127596
67.319336	-26.724297	0.65395224
67.419434	-26.721123	0.66700959
67.519531	-26.721073	0.67114085
67.619629	-26.722458	0.64912021
67.719727	-26.715851	0.71800214
67.819824	-26.716686	0.70877296
67.919922	-26.719543	0.66124499
68.02002	-26.70821	0.78203982
68.120117	-26.717701	0.67295045
68.220215	-26.713274	0.69662482
68.320313	-26.706167	0.78519374
68.42041	-26.715126	0.67132837
68.520508	-26.706566	0.77099097
68.620605	-26.711849	0.70686877
68.720703	-26.709444	0.71940559
68.820801	-26.706553	0.75943768
68.920898	-26.711637	0.6909579
69.020996	-26.705935	0.74977517
69.121094	-26.70911	0.71265274
69.221191	-26.70723	0.72307783
69.321289	-26.706238	0.74072576
69.421387	-26.709503	0.6877647
69.521484	-26.704576	0.7469368
69.621582	-26.707596	0.71241903
69.72168	-26.705706	0.73073632
69.821777	-26.705576	0.72631198
69.921875	-26.705502	0.72085112
70.021973	-26.704966	0.72558361
70.12207	-26.705036	0.73043537
70.222168	-26.705494	0.7264421
70.322266	-26.704296	0.72458386
70.422363	-26.703056	0.73642111
70.522461	-26.703644	0.72255331
70.622559	-26.702213	0.73168725
70.722656	-26.700777	0.75168335
70.822754	-26.703835	0.70444793
70.922852	-26.698994	0.7590977
71.022949	-26.7013	0.72935283
71.123047	-26.70083	0.72392291
71.223145	-26.69677	0.77294564
71.323242	-26.700432	0.71902269
71.42334	-26.699274	0.73250473
71.523438	-26.697771	0.74820417
71.623535	-26.699673	0.72530508
71.723633	-26.69919	0.72862285
71.82373	-26.700375	0.71065289
71.923828	-26.698788	0.72740114
72.023926	-26.69887	0.72856033
72.124023	-26.699789	0.71515018
72.224121	-26.698378	0.72637498
72.324219	-26.6984	0.71885419
72.424316	-26.698324	0.71658564
72.524414	-26.696079	0.74019659
72.624512	-26.699699	0.69663435
72.724609	-26.69434	0.75495273
72.824707	-26.697226	0.71842903
72.924805	-26.694393	0.74282515
73.024902	-26.696573	0.73102516
73.125	-26.696051	0.71945232
73.225098	-26.692493	0.75387114
73.325195	-26.695211	0.71977115
73.425293	-26.692389	0.74512941
73.525391	-26.693415	0.73437279
73.625488	-26.693398	0.73352015
73.725586	-26.690542	0.75876421
73.825684	-26.692667	0.73243821
73.925781	-26.688574	0.76640445
74.025879	-26.691166	0.74111217
74.125977	-26.689306	0.75853997
74.226074	-26.691582	0.73592907
74.326172	-26.691301	0.73417008
74.42627	-26.690235	0.74393332
74.526367	-26.690674	0.73846436
74.626465	-26.691004	0.72860861
74.726563	-26.687284	0.76612186
74.82666	-26.690161	0.73087192
74.926758	-26.686562	0.75952393
75.026855	-26.686588	0.758246
75.126953	-26.685446	0.76619202
75.227051	-26.688374	0.7211715
75.327148	-26.676003	0.85473782
75.427246	-26.683735	0.76801401
75.527344	-26.684402	0.73868906
75.627441	-26.672327	0.87803727
75.727539	-26.683699	0.73983353
75.827637	-26.674524	0.8313911
75.927734	-26.676426	0.80910957
76.027832	-26.682119	0.73164791
76.12793	-26.669271	0.88399005
76.228027	-26.677914	0.78034836
76.328125	-26.677956	0.75462484
76.428223	-26.666458	0.89149982
76.52832	-26.6798	0.73577309
76.628418	-26.671246	0.80499291
76.728516	-26.663813	0.9056052
76.828613	-26.681463	0.68878645
76.928711	-26.666149	0.84387171
77.028809	-26.664274	0.88744175
77.128906	-26.681822	0.66274887
77.229004	-26.658583	0.90269798
77.329102	-26.668127	0.81217742
77.429199	-26.676474	0.69035769
77.529297	-26.654751	0.94300807
77.629395	-26.675943	0.70179194
77.729492	-26.662746	0.81885749
77.82959	-26.66011	0.87265837
77.929688	-26.67161	0.70921624
78.029785	-26.655615	0.89380449
78.129883	-26.664581	0.79346073
78.22998	-26.664133	0.77521741
78.330078	-26.656427	0.87109894
78.430176	-26.662886	0.79146314
78.530273	-26.659729	0.80890763
78.630371	-26.654222	0.87946743
78.730469	-26.661924	0.77411622
78.830566	-26.654161	0.86638248
78.930664	-26.658749	0.81301916
79.030762	-26.655714	0.83411908
79.130859	-26.654589	0.85050642
79.230957	-26.655437	0.83395153
79.331055	-26.653801	0.84024227
79.431152	-26.655052	0.83330274
79.53125	-26.65505	0.82258314
79.631348	-26.654102	0.83379978
79.731445	-26.652712	0.83951652
79.831543	-26.655056	0.81197602
79.931641	-26.653246	0.82254648
80.031738	-26.652702	0.83528841
80.131836	-26.654348	0.80552697
80.231934	-26.652405	0.81748772
80.332031	-26.651384	0.82562095
80.432129	-26.651596	0.81752551
80.532227	-26.652277	0.80636084
80.632324	-26.649147	0.83936095
80.732422	-26.651146	0.81167066
80.83252	-26.648943	0.82553416
80.932617	-26.647478	0.83669347
81.032715	-26.648117	0.82797503
81.132813	-26.64673	0.84213215
81.23291	-26.646267	0.84290731
81.333008	-26.646534	0.83211905
81.433105	-26.644846	0.84101015
81.533203	-26.643576	0.85665351
81.633301	-26.643976	0.83833694
81.733398	-26.640688	0.88401419
81.833496	-26.643009	0.84476537
81.933594	-26.640341	0.8756566
82.033691	-26.642994	0.84537566
82.133789	-26.64076	0.8546375
82.233887	-26.639566	0.87341583
82.333984	-26.642588	0.83122504
82.434082	-26.640657	0.84345382
82.53418	-26.639599	0.86042422
82.634277	-26.644672	0.78901213
82.734375	-26.638649	0.85843956
82.834473	-26.641403	0.8189978
82.93457	-26.639952	0.82202941
83.034668	-26.637136	0.85863107
83.134766	-26.640749	0.80686343
83.234863	-26.636147	0.84874183
83.334961	-26.637186	0.83225816
83.435059	-26.634977	0.84879631
83.535156	-26.636337	0.83834052
83.635254	-26.636528	0.82391816
83.735352	-26.633596	0.85764927
83.835449	-26.635666	0.83192486
83.935547	-26.632191	0.86136389
84.035645	-26.629822	0.89480555
84.135742	-26.632168	0.85420436
84.23584	-26.628094	0.89829963
84.335938	-26.628109	0.89510787
84.436035	-26.630405	0.86108404
84.536133	-26.627554	0.89761478
84.63623	-26.628681	0.87778437
84.736328	-26.630341	0.86267018
84.836426	-26.627439	0.88536501
84.936523	-26.628614	0.86196935
85.036621	-26.6266	0.88597649
85.136719	-26.629187	0.84328133
85.236816	-26.626219	0.87861973
85.336914	-26.628475	0.84627932
85.437012	-26.628643	0.83830726
85.537109	-26.628632	0.84275633
85.637207	-26.628981	0.82202941
85.737305	-26.625069	0.86429548
85.837402	-26.627377	0.83418
85.9375	-26.623381	0.86879635
86.037598	-26.624874	0.85191196
86.137695	-26.625566	0.82372195
86.237793	-26.620874	0.87169594
86.337891	-26.622879	0.85171175
86.437988	-26.622425	0.84903622
86.538086	-26.620235	0.87679851
86.638184	-26.620625	0.86954725
86.738281	-26.620163	0.8661356
86.838379	-26.617348	0.89362615
86.938477	-26.619398	0.85937732
87.038574	-26.615355	0.90565783
87.138672	-26.609999	0.9595685
87.23877	-26.6096	0.96929693
87.338867	-26.61334	0.90182304
87.438965	-26.60788	0.96316582
87.539063	-26.607695	0.97147751
87.63916	-26.613457	0.86632091
87.739258	-26.606501	0.94986099
87.839355	-26.605001	0.97967464
87.939453	-26.616428	0.81882799
88.039551	-26.602367	0.97307336
88.139648	-26.604801	0.9460445
88.239746	-26.615475	0.79028791
88.339844	-26.598293	1.0006593
88.439941	-26.606165	0.91522652
88.540039	-26.613829	0.79129124
88.640137	-26.595224	1.0151597
88.740234	-26.60569	0.88395333
88.840332	-26.609491	0.80616182
88.94043	-26.590963	1.0362324
89.040527	-26.606808	0.83776009
89.140625	-26.605162	0.8241365
89.240723	-26.589016	1.0362837
89.34082	-26.6028	0.85010177
89.440918	-26.595535	0.91861802
89.541016	-26.588625	1.0183105
89.641113	-26.597321	0.88054031
89.741211	-26.589062	0.98441422
89.841309	-26.588375	0.99502212
89.941406	-26.593149	0.92091727
90.041504	-26.584652	1.0179319
90.141602	-26.58548	1.0069069
90.241699	-26.593533	0.88514888
90.341797	-26.583345	1.0128671
90.441895	-26.583864	1.0199162
90.541992	-26.592062	0.88602102
90.64209	-26.581072	1.0175575
90.742188	-26.582012	1.0103439
90.842285	-26.591404	0.86193711
90.942383	-26.584425	0.93475628
91.04248	-26.578375	1.0237036
91.142578	-26.592648	0.82282782
91.242676	-26.583067	0.91673595
91.342773	-26.578403	0.99750012
91.442871	-26.590836	0.82018113
91.542969	-26.580715	0.92354041
91.643066	-26.576542	0.9810468
91.743164	-26.584633	0.86641783
91.843262	-26.577822	0.93321627
91.943359	-26.577339	0.95062023
92.043457	-26.580547	0.89776587
92.143555	-26.57402	0.96901107
92.243652	-26.574286	0.9661926
92.34375	-26.576891	0.92175627
92.443848	-26.569635	1.006372
92.543945	-26.57003	0.99420708
92.644043	-26.573877	0.92950833
92.744141	-26.566957	1.0173774
92.844238	-26.569353	0.97984684
92.944336	-26.568316	0.98898947
93.044434	-26.566607	0.99779469
93.144531	-26.567217	0.98539829
93.244629	-26.564022	1.0101206
93.344727	-26.565769	0.98600399
93.444824	-26.567104	0.96147925
93.544922	-26.566339	0.96145684
93.64502	-26.563335	0.99405074
93.745117	-26.565514	0.95504415
93.845215	-26.563976	0.96369928
93.945313	-26.563204	0.97411501
94.04541	-26.564894	0.93207115
94.145508	-26.56357	0.94002557
94.245605	-26.562717	0.94494772
94.345703	-26.563038	0.93541598
94.445801	-26.564333	0.91678631
94.545898	-26.561625	0.92761433
94.645996	-26.560509	0.93896854
94.746094	-26.560244	0.93146688
94.846191	-26.557928	0.95579273
94.946289	-26.55508	0.98357922
95.046387	-26.556381	0.96118683
95.146484	-26.553751	0.98437327
95.246582	-26.552406	1.0040938
95.34668	-26.551994	0.99602026
95.446777	-26.550388	1.0117334
95.546875	-26.550314	1.0066426
95.646973	-26.550201	1.0011309
95.74707	-26.549768	1.0071025
95.847168	-26.547564	1.0304193
95.947266	-26.548027	1.0167665
96.047363	-26.546926	1.0160371
96.147461	-26.546104	1.0177777
96.247559	-26.546957	0.99666893
96.347656	-26.547342	0.98721355
96.447754	-26.547421	0.97544068
96.547852	-26.546104	0.97922212
96.647949	-26.546276	0.96673739
96.748047	-26.546574	0.9561671
96.848145	-26.545469	0.96188581
96.948242	-26.545977	0.93334043
97.04834	-26.545107	0.94764334
97.148438	-26.54381	0.95120209
97.248535	-26.543804	0.94422328
97.348633	-26.54277	0.94309241
97.44873	-26.540569	0.96331334
97.548828	-26.540306	0.97115964
97.648926	-26.540319	0.94800675
97.749023	-26.537148	0.97441506
97.849121	-26.53384	1.0145607
97.949219	-26.534342	0.9977957
98.049316	-26.53425	0.98663443
98.149414	-26.53138	1.027447
98.249512	-26.529764	1.037509
98.349609	-26.530256	1.0179451
98.449707	-26.528803	1.0357589
98.549805	-26.527472	1.0490755
98.649902	-26.529814	1.0121596
98.75	-26.526943	1.0376937
98.850098	-26.52742	1.0278683
98.950195	-26.529999	0.99655402
99.050293	-26.528355	1.0038252
99.150391	-26.52754	1.0101627
99.250488	-26.529642	0.98087776
99.350586	-26.527464	0.99391198
99.450684	-26.528507	0.97119766
99.550781	-26.528103	0.9621774
99.650879	-26.527885	0.96089268
99.750977	-26.529139	0.93878281
99.851074	-26.52766	0.93961185
99.951172	-26.52602	0.96209085
100.05127	-26.527485	0.93002051
100.15137	-26.522955	0.98156065
100.25146	-26.523596	0.96880716
100.35156	-26.523602	0.95426977
100.45166	-26.517118	1.0089711
100.55176	-26.511957	1.0749056
100.65186	-26.513065	1.0554519
100.75195	-26.514807	1.0075227
100.85205	-26.506866	1.0885056
100.95215	-26.503077	1.1359752
101.05225	-26.506853	1.0785955
101.15234	-26.511421	0.99921888
101.25244	-26.498003	1.1558214
101.35254	-26.498655	1.1555424
101.45264	-26.507627	1.0074699
101.55273	-26.499113	1.0846331
101.65283	-26.4911	1.1852844