MTS793|MPT|ENU|1|2|.|/|:|1|0|0|A

Data Acquisition						Time:	45.984131	Sec	6/8/2017 10:50:21 AM
Axial Force	Axial Displacement	Time
N	mm	Sec
0.15657745	-45.321632	0.20410156
0.18413815	-45.320728	0.30419922
0.16915354	-45.320904	0.40429688
0.17247938	-45.320526	0.50439453
0.14879267	-45.323761	0.60449219
0.23338948	-45.312881	0.70458984
0.13576275	-45.327148	0.8046875
0.22321202	-45.311882	0.90478516
0.17661978	-45.321617	1.0048828
0.21128742	-45.311432	1.1049805
0.18739311	-45.318451	1.2050781
0.17846747	-45.314655	1.3051758
0.20750752	-45.313068	1.4052734
0.15988082	-45.317467	1.5053711
0.19292818	-45.313572	1.6054688
0.1726709	-45.315971	1.7055664
0.19015732	-45.313534	1.8056641
0.21281947	-45.311993	1.9057617
0.21774207	-45.308578	2.0058594
0.23773672	-45.306778	2.105957
0.22208944	-45.306881	2.2060547
0.25628284	-45.303833	2.3061523
0.23971097	-45.304741	2.40625
0.25726488	-45.302689	2.5063477
0.24913386	-45.303474	2.6064453
0.27102697	-45.300961	2.706543
0.27452266	-45.30117	2.8066406
0.27707395	-45.301144	2.9067383
0.30333599	-45.294888	3.0068359
0.36225167	-45.291008	3.1069336
0.25631595	-45.298393	3.2070313
0.35354429	-45.288311	3.3071289
0.32652435	-45.292557	3.4072266
0.32448861	-45.290394	3.5073242
0.32012144	-45.291676	3.6074219
0.31366876	-45.291283	3.7075195
0.29628822	-45.292667	3.8076172
0.28251493	-45.293915	3.9077148
0.33815849	-45.289585	4.0078125
0.27359354	-45.292065	4.1079102
0.344504	-45.284878	4.2080078
0.31715778	-45.287769	4.3081055
0.31574112	-45.287014	4.4082031
0.30230659	-45.287888	4.5083008
0.31140327	-45.286873	4.6083984
0.3098948	-45.287052	4.7084961
0.32521626	-45.28429	4.8085938
0.39201358	-45.277927	4.9086914
0.29961133	-45.285038	5.0087891
0.39847276	-45.27483	5.1088867
0.41800904	-45.273312	5.2089844
0.41395974	-45.273499	5.309082
0.41135088	-45.273296	5.4091797
0.40915233	-45.272633	5.5092773
0.42467046	-45.269924	5.609375
0.43118107	-45.270565	5.7094727
0.43532482	-45.270027	5.8095703
0.45441315	-45.269112	5.909668
0.48677099	-45.26685	6.0097656
0.45126575	-45.268681	6.1098633
0.47202346	-45.265305	6.2099609
0.48474866	-45.2645	6.3100586
0.45512509	-45.265656	6.4101563
0.48510042	-45.262955	6.5102539
0.46201339	-45.263908	6.6103516
0.45646429	-45.263676	6.7104492
0.43959501	-45.263924	6.8105469
0.44799805	-45.26366	6.9106445
0.41706768	-45.265499	7.0107422
0.44183058	-45.262642	7.1108398
0.44135946	-45.261005	7.2109375
0.46672833	-45.259445	7.3110352
0.44515103	-45.26004	7.4111328
0.46630451	-45.25761	7.5112305
0.46370748	-45.25848	7.6113281
0.44845557	-45.258015	7.7114258
0.47139993	-45.255745	7.8115234
0.51471221	-45.253338	7.9116211
0.42976427	-45.256966	8.0117188
0.5891127	-45.243839	8.1118164
0.5920186	-45.244713	8.2119141
0.53576994	-45.247025	8.3120117
0.57317191	-45.243973	8.4121094
0.58733046	-45.243198	8.512207
0.58811158	-45.243843	8.6123047
0.58089429	-45.244404	8.7124023
0.57181746	-45.244278	8.8125
0.64026618	-45.239777	8.9125977
0.61598194	-45.240715	9.0126953
0.56439292	-45.243317	9.112793
0.6246618	-45.238144	9.2128906
0.65530843	-45.237297	9.3129883
0.57623374	-45.240734	9.4130859
0.56757301	-45.240242	9.5131836
0.56663883	-45.24017	9.6132813
0.59942079	-45.237904	9.7133789
0.57073748	-45.238827	9.8134766
0.55423665	-45.239285	9.9135742
0.52315217	-45.241016	10.013672
0.55709827	-45.236408	10.11377
0.66046351	-45.229404	10.213867
0.5699625	-45.235043	10.313965
0.54937017	-45.234192	10.414063
0.64333898	-45.228401	10.51416
0.63236672	-45.228939	10.614258
0.60698897	-45.230331	10.714355
0.6453625	-45.226841	10.814453
0.667045	-45.225872	10.914551
0.65834695	-45.225872	11.014648
0.69331944	-45.224003	11.114746
0.76092887	-45.218967	11.214844
0.78192234	-45.217354	11.314941
0.76358032	-45.217587	11.415039
0.77388382	-45.217167	11.515137
0.79043931	-45.215298	11.615234
0.75684649	-45.216358	11.715332
0.75442785	-45.216282	11.81543
0.75138324	-45.216057	11.915527
0.7488535	-45.216106	12.015625
0.77872586	-45.214409	12.115723
0.74500877	-45.214577	12.21582
0.7592423	-45.213154	12.315918
0.74154407	-45.213848	12.416016
0.72691685	-45.213776	12.516113
0.72013915	-45.213737	12.616211
0.70391482	-45.214176	12.716309
0.69622391	-45.214123	12.816406
0.71456808	-45.212551	12.916504
0.69668752	-45.213009	13.016602
0.65771639	-45.213177	13.116699
0.76011407	-45.205078	13.216797
0.80928123	-45.203033	13.316895
0.73687369	-45.207092	13.416992
0.73756915	-45.20525	13.51709
0.80375189	-45.20145	13.617188
0.79693216	-45.201408	13.717285
0.7984826	-45.20092	13.817383
0.82820827	-45.198387	13.91748
0.86882752	-45.196121	14.017578
0.84030312	-45.198238	14.117676
0.8472634	-45.197227	14.217773
0.96036434	-45.189552	14.317871
0.97019684	-45.189178	14.417969
0.90093714	-45.191975	14.518066
0.90231222	-45.191097	14.618164
0.90200663	-45.190903	14.718262
0.91784573	-45.190182	14.818359
0.88725346	-45.191746	14.918457
0.86389542	-45.19249	15.018555
0.83977914	-45.193096	15.118652
0.8334862	-45.193123	15.21875
0.82414526	-45.194168	15.318848
0.81837016	-45.193748	15.418945
0.7543838	-45.195923	15.519043
0.8541885	-45.188843	15.619141
0.84988296	-45.188995	15.719238
0.8351447	-45.190063	15.819336
0.81475854	-45.189262	15.919434
0.82654303	-45.187622	16.019531
0.83275884	-45.186501	16.119629
0.81770176	-45.185379	16.219727
0.92098248	-45.17926	16.319824
0.95198959	-45.177395	16.419922
0.91775703	-45.178673	16.52002
0.92881227	-45.177536	16.620117
0.98651028	-45.174034	16.720215
0.98593509	-45.173611	16.820313
0.98756319	-45.173439	16.92041
1.00564	-45.172588	17.020508
1.0289575	-45.171032	17.120605
1.0379183	-45.170662	17.220703
1.1098505	-45.167263	17.320801
1.1146784	-45.166103	17.420898
1.0258977	-45.169552	17.520996
1.024753	-45.167904	17.621094
1.0664518	-45.166042	17.721191
1.0779345	-45.16608	17.821289
1.0288631	-45.168037	17.921387
1.0050883	-45.168209	18.021484
1.0185518	-45.167179	18.121582
0.99455225	-45.168716	18.22168
0.99578351	-45.167305	18.321777
0.93441343	-45.168858	18.421875
0.90414459	-45.168873	18.521973
0.96901238	-45.164688	18.62207
1.03431	-45.161594	18.722168
0.99976629	-45.163387	18.822266
0.97361988	-45.164124	18.922363
0.98088884	-45.163147	19.022461
0.98535675	-45.161793	19.122559
1.0016427	-45.160732	19.222656
1.0303277	-45.15929	19.322754
1.0482804	-45.158699	19.422852
1.0596323	-45.157455	19.522949
1.1298023	-45.152653	19.623047
1.1892465	-45.149357	19.723145
1.1697494	-45.149136	19.823242
1.1519053	-45.14996	19.92334
1.1299562	-45.151016	20.023438
1.1560771	-45.149277	20.123535
1.1760385	-45.147907	20.223633
1.2047536	-45.145535	20.32373
1.1838279	-45.146637	20.423828
1.2239516	-45.144886	20.523926
1.1827918	-45.145828	20.624023
1.1610279	-45.145138	20.724121
1.1963356	-45.143532	20.824219
1.1759926	-45.143871	20.924316
1.1668259	-45.143841	21.024414
1.1568626	-45.144142	21.124512
1.1373764	-45.144264	21.224609
1.1277814	-45.144699	21.324707
1.098946	-45.145267	21.424805
1.0844347	-45.145569	21.524902
1.0397598	-45.145824	21.625
1.1001698	-45.14069	21.725098
1.2219241	-45.13446	21.825195
1.1980758	-45.136456	21.925293
1.0925306	-45.141945	22.025391
1.1237202	-45.138081	22.125488
1.1800177	-45.1348	22.225586
1.2368276	-45.131733	22.325684
1.2317449	-45.131477	22.425781
1.2492199	-45.130531	22.525879
1.2649127	-45.129242	22.625977
1.3428965	-45.125813	22.726074
1.3845589	-45.122589	22.826172
1.3458344	-45.123875	22.92627
1.2927072	-45.126179	23.026367
1.3131799	-45.124363	23.126465
1.3420974	-45.122929	23.226563
1.3307931	-45.123299	23.32666
1.2998747	-45.124966	23.426758
1.3040859	-45.124378	23.526855
1.3130164	-45.123512	23.626953
1.3292537	-45.122932	23.727051
1.2939698	-45.124195	23.827148
1.2315919	-45.125458	23.927246
1.2954984	-45.121475	24.027344
1.3156031	-45.12056	24.127441
1.3028257	-45.121273	24.227539
1.2781686	-45.120556	24.327637
1.2468168	-45.121475	24.427734
1.2463874	-45.121048	24.527832
1.2587483	-45.120602	24.62793
1.203959	-45.121571	24.728027
1.3025961	-45.116077	24.828125
1.3471771	-45.113937	24.928223
1.3752588	-45.112785	25.02832
1.3338983	-45.113907	25.128418
1.3329644	-45.113811	25.228516
1.3567981	-45.112099	25.328613
1.3927864	-45.110256	25.428711
1.3821759	-45.11087	25.528809
1.4020443	-45.109245	25.628906
1.4959737	-45.10421	25.729004
1.5256021	-45.103184	25.829102
1.4944378	-45.103878	25.929199
1.4535952	-45.105026	26.029297
1.4800367	-45.102993	26.129395
1.4668515	-45.102711	26.229492
1.4626055	-45.103317	26.32959
1.4719335	-45.102345	26.429688
1.4335096	-45.103592	26.529785
1.45393	-45.103592	26.629883
1.4361665	-45.102711	26.72998
1.3797246	-45.10413	26.830078
1.3362131	-45.104153	26.930176
1.425571	-45.100124	27.030273
1.4439771	-45.09919	27.130371
1.463852	-45.097973	27.230469
1.4560946	-45.097397	27.330566
1.4187983	-45.099186	27.430664
1.4235268	-45.09819	27.530762
1.4205112	-45.09819	27.630859
1.3932537	-45.098312	27.730957
1.4194459	-45.095093	27.831055
1.5035616	-45.090721	27.931152
1.5290868	-45.089539	28.03125
1.5191526	-45.089916	28.131348
1.4938952	-45.090363	28.231445
1.5163381	-45.088772	28.331543
1.5151325	-45.088882	28.431641
1.5156451	-45.087997	28.531738
1.536777	-45.086983	28.631836
1.5698931	-45.08556	28.731934
1.569091	-45.085598	28.832031
1.4907467	-45.086678	28.932129
1.5277452	-45.084297	29.032227
1.5971352	-45.080933	29.132324
1.6072563	-45.080376	29.232422
1.578047	-45.081009	29.33252
1.561111	-45.08205	29.432617
1.5580695	-45.081791	29.532715
1.5843116	-45.079277	29.632813
1.5670624	-45.080467	29.73291
1.56398	-45.080044	29.833008
1.6654156	-45.07608	29.933105
1.6544156	-45.075588	30.033203
1.6195146	-45.076038	30.133301
1.5851817	-45.076088	30.233398
1.5756279	-45.075851	30.333496
1.6154724	-45.073433	30.433594
1.6340227	-45.072495	30.533691
1.6526722	-45.071465	30.633789
1.6687635	-45.071194	30.733887
1.6515938	-45.071667	30.833984
1.6429478	-45.071274	30.934082
1.6379328	-45.071346	31.03418
1.6906784	-45.068466	31.134277
1.6600991	-45.06871	31.234375
1.6395377	-45.069046	31.334473
1.661122	-45.067707	31.43457
1.6928918	-45.06625	31.534668
1.6913822	-45.065601	31.634766
1.6925943	-45.065029	31.734863
1.6813917	-45.064846	31.834961
1.6498452	-45.066448	31.935059
1.6124402	-45.066639	32.035156
1.6023575	-45.06546	32.135254
1.6710268	-45.06176	32.235352
1.7083957	-45.060425	32.335449
1.7281517	-45.05864	32.435547
1.7044119	-45.060078	32.535645
1.7178963	-45.058994	32.635742
1.7114272	-45.058872	32.73584
1.727688	-45.05827	32.835938
1.7317349	-45.05695	32.936035
1.7480654	-45.055489	33.036133
1.7872772	-45.052803	33.13623
1.8628514	-45.049427	33.236328
1.8934448	-45.047749	33.336426
1.8444132	-45.049797	33.436523
1.8020228	-45.050873	33.536621
1.7927766	-45.050316	33.636719
1.7879076	-45.050377	33.736816
1.81734	-45.049057	33.836914
1.8090731	-45.049164	33.937012
1.7917863	-45.049591	34.037109
1.7824957	-45.04903	34.137207
1.8003348	-45.048416	34.237305
1.7602578	-45.048973	34.337402
1.8043176	-45.045319	34.4375
1.7471091	-45.047928	34.537598
1.7847301	-45.044971	34.637695
1.8121526	-45.044273	34.737793
1.8125969	-45.043736	34.837891
1.8179407	-45.042393	34.937988
1.8022794	-45.043137	35.038086
1.7871672	-45.043018	35.138184
1.8183742	-45.041874	35.238281
1.8367126	-45.040562	35.338379
1.7809249	-45.042	35.438477
1.8090873	-45.039612	35.538574
1.8884112	-45.035862	35.638672
1.8993152	-45.034317	35.73877
1.9227767	-45.033398	35.838867
1.9398913	-45.032185	35.938965
1.9445641	-45.031898	36.039063
1.9547883	-45.031406	36.13916
1.9510199	-45.030571	36.239258
1.9419616	-45.031853	36.339355
2.0465176	-45.027248	36.439453
2.0485253	-45.026329	36.539551
2.0043797	-45.027416	36.639648
1.9605246	-45.027824	36.739746
1.9388609	-45.028553	36.839844
1.9502726	-45.027775	36.939941
1.9374771	-45.028107	37.040039
1.9514263	-45.027027	37.140137
1.9477319	-45.027374	37.240234
1.9345386	-45.027809	37.340332
1.9167032	-45.02766	37.44043
1.8911465	-45.0289	37.540527
1.8535756	-45.029922	37.640625
1.8520327	-45.028667	37.740723
1.8660774	-45.026703	37.84082
1.8865947	-45.025314	37.940918
1.9102652	-45.024181	38.041016
1.9208651	-45.02309	38.141113
1.9276888	-45.022968	38.241211
1.9505285	-45.020767	38.341309
1.9535297	-45.020065	38.441406
2.011867	-45.016872	38.541504
2.1067958	-45.013042	38.641602
2.0881362	-45.013187	38.741699
2.0837684	-45.014019	38.841797
2.0794742	-45.013351	38.941895
2.1121531	-45.011227	39.041992
2.0956652	-45.011635	39.14209
2.105715	-45.011433	39.242188
2.1169598	-45.0107	39.342285
2.2100739	-45.005943	39.442383
2.2205856	-45.005363	39.54248
2.1881363	-45.00671	39.642578
2.1400435	-45.007629	39.742676
2.1148901	-45.00806	39.842773
2.0941048	-45.008266	39.942871
2.0924482	-45.008759	40.042969
2.0757983	-45.008511	40.143066
2.057178	-45.008442	40.243164
2.0404935	-45.008411	40.343262
2.0848472	-45.007267	40.443359
1.9887798	-45.009686	40.543457
1.9822426	-45.008461	40.643555
2.0493186	-45.005051	40.743652
2.0762546	-45.003944	40.84375
2.112397	-45.002079	40.943848
2.095669	-45.001423	41.043945
2.1018946	-45.001499	41.144043
2.1222594	-45.000488	41.244141
2.1556976	-44.997795	41.344238
2.1871896	-44.99691	41.444336
2.1893704	-44.996326	41.544434
2.1958587	-44.99604	41.644531
2.2606986	-44.992611	41.744629
2.3143957	-44.98941	41.844727
2.3549221	-44.988266	41.944824
2.3144233	-44.988964	42.044922
2.2975917	-44.989544	42.14502
2.2889998	-44.989231	42.245117
2.2482693	-44.99118	42.345215
2.2704158	-44.98914	42.445313
2.2509198	-44.989838	42.54541
2.2638166	-44.988853	42.645508
2.2544613	-44.989769	42.745605
2.2161093	-44.989807	42.845703
2.1608305	-44.991444	42.945801
2.1160719	-44.991978	43.045898
2.1330404	-44.990227	43.145996
2.1901894	-44.987419	43.246094
2.1859047	-44.986523	43.346191
2.1940644	-44.986366	43.446289
2.1631982	-44.986824	43.546387
2.1647823	-44.986622	43.646484
2.1550293	-44.985126	43.746582
2.151355	-44.98473	43.84668
2.2022841	-44.982021	43.946777
2.285845	-44.97871	44.046875
2.3016338	-44.9781	44.146973
2.3112359	-44.977795	44.24707
2.3162556	-44.976959	44.347168
2.3392766	-44.976318	44.447266
2.3862617	-44.974182	44.547363
2.4007518	-44.972858	44.647461
2.424773	-44.971722	44.747559
2.4864318	-44.968552	44.847656
2.5065744	-44.966335	44.947754
2.4723639	-44.967529	45.047852
2.4387822	-44.968788	45.147949
2.4037123	-44.969624	45.248047
2.3828549	-44.970634	45.348145
2.3792253	-44.970764	45.448242
2.3605485	-44.971626	45.54834
2.3352706	-44.97139	45.648438
2.3138628	-44.972004	45.748535
2.2650049	-44.971905	45.848633
2.2763658	-44.970715	45.94873
2.3072937	-44.969261	46.048828
2.3571389	-44.966114	46.148926
2.3651152	-44.965698	46.249023
2.3569345	-44.96516	46.349121
2.3259439	-44.966759	46.449219
2.3175721	-44.966171	46.549316
2.3515444	-44.964306	46.649414
2.3546069	-44.964066	46.749512
2.3192511	-44.964417	46.849609
2.3741996	-44.961235	46.949707
2.4282625	-44.959	47.049805
2.4498265	-44.958218	47.149902
2.4731419	-44.957985	47.25
2.4935906	-44.956165	47.350098
2.5024817	-44.955791	47.450195
2.5931277	-44.951973	47.550293
2.6408677	-44.949841	47.650391
2.6721401	-44.948055	47.750488
2.6706209	-44.947643	47.850586
2.6648736	-44.947739	47.950684
2.6239858	-44.948303	48.050781
2.5875714	-44.949814	48.150879
2.5343676	-44.950336	48.250977
2.4986148	-44.951832	48.351074
2.485297	-44.95208	48.451172
2.4794118	-44.951336	48.55127
2.445673	-44.952221	48.651367
2.4291677	-44.952557	48.751465
2.4303031	-44.951714	48.851563
2.3876739	-44.953087	48.95166
2.3966589	-44.951569	49.051758
2.4202523	-44.950981	49.151855
2.4304235	-44.949745	49.251953
2.4408679	-44.948948	49.352051
2.4655211	-44.947319	49.452148
2.4814198	-44.946358	49.552246
2.5129247	-44.944881	49.652344
2.5211487	-44.942955	49.752441
2.5456352	-44.941654	49.852539
2.5938454	-44.939678	49.952637
2.6474259	-44.93837	50.052734
2.6699462	-44.937141	50.152832
2.6691365	-44.935982	50.25293
2.6756725	-44.936176	50.353027
2.6877291	-44.93541	50.453125
2.6945348	-44.934639	50.553223
2.7062387	-44.933598	50.65332
2.6780002	-44.934498	50.753418
2.6730275	-44.93504	50.853516
2.7732372	-44.930271	50.953613
2.7999723	-44.929447	51.053711
2.7557511	-44.930569	51.153809
2.7243261	-44.93082	51.253906
2.7074358	-44.930542	51.354004
2.6816897	-44.931126	51.454102
2.6370587	-44.931793	51.554199
2.6130321	-44.932724	51.654297
2.5898905	-44.932922	51.754395
2.5591342	-44.93325	51.854492
2.5465453	-44.933533	51.95459
2.4967518	-44.934711	52.054688
2.5532088	-44.930832	52.154785
2.5852921	-44.928921	52.254883
2.6196749	-44.927315	52.35498
2.6569324	-44.925415	52.455078
2.6602104	-44.925549	52.555176
2.7022481	-44.92358	52.655273
2.7492311	-44.920521	52.755371
2.7862759	-44.918106	52.855469
2.7877574	-44.917603	52.955566
2.7925165	-44.917206	53.055664
2.828167	-44.916172	53.155762
2.8329687	-44.915424	53.255859
2.8412507	-44.914726	53.355957
2.8571682	-44.914181	53.456055
2.8555844	-44.913261	53.556152
2.835542	-44.913216	53.65625
2.8866515	-44.911865	53.756348
2.9395425	-44.909492	53.856445
2.9402242	-44.908821	53.956543
2.9033489	-44.9095	54.056641
2.8594801	-44.910473	54.156738
2.8134732	-44.910694	54.256836
2.7913501	-44.911133	54.356934
2.7853875	-44.911469	54.457031
2.7570617	-44.911694	54.557129
2.7215254	-44.912033	54.657227
2.6922369	-44.91309	54.757324
2.6873746	-44.912582	54.857422
2.7027705	-44.912094	54.95752
2.656199	-44.913433	55.057617
2.6523316	-44.912201	55.157715
2.7235205	-44.90868	55.257813
2.7733021	-44.906818	55.35791
2.7843716	-44.905392	55.458008
2.8143203	-44.904774	55.558105
2.8404946	-44.902512	55.658203
2.8652418	-44.901611	55.758301
2.8805273	-44.900597	55.858398
2.9339666	-44.898094	55.958496
2.9427564	-44.896946	56.058594
2.98455	-44.895897	56.158691
2.986398	-44.895988	56.258789
2.9967456	-44.895409	56.358887
2.9990325	-44.895065	56.458984
3.0009241	-44.895199	56.559082
2.9691346	-44.895664	56.65918
2.9575129	-44.89571	56.759277
2.9969656	-44.894547	56.859375
3.0307474	-44.892929	56.959473
2.9946425	-44.893166	57.05957
2.9741867	-44.893753	57.159668
2.9336307	-44.893829	57.259766
2.9100146	-44.893646	57.359863
2.8519371	-44.895317	57.459961
2.8275228	-44.895737	57.560059
2.8447757	-44.894932	57.660156
2.8455622	-44.894825	57.760254
2.8271186	-44.895027	57.860352
2.7728672	-44.896358	57.960449
2.744401	-44.89571	58.060547
2.7949405	-44.893581	58.160645
2.9095047	-44.888374	58.260742
2.9436977	-44.887581	58.36084
2.9966075	-44.885036	58.460938
2.9939947	-44.884605	58.561035
3.0063052	-44.884186	58.661133
3.0266788	-44.883793	58.76123
3.0615039	-44.882481	58.861328
3.0707088	-44.881489	58.961426
3.0893126	-44.880787	59.061523
3.113024	-44.87957	59.161621
3.0871978	-44.880482	59.261719
3.1293392	-44.878487	59.361816
3.2276874	-44.874828	59.461914
3.2260435	-44.874763	59.562012
3.2183528	-44.873966	59.662109
3.136179	-44.875446	59.762207
3.0836267	-44.877098	59.862305
3.0806532	-44.87682	59.962402
3.0521142	-44.87751	60.0625
3.0545125	-44.877594	60.162598
3.0241983	-44.878574	60.262695
3.0540979	-44.876656	60.362793
3.0588825	-44.876225	60.462891
3.053791	-44.875793	60.562988
3.0589888	-44.874741	60.663086
3.0411732	-44.874348	60.763184
3.0359731	-44.874481	60.863281
3.0607202	-44.872112	60.963379
3.0672305	-44.872021	61.063477
3.0634732	-44.872032	61.163574
3.0825331	-44.871166	61.263672
3.0840137	-44.870682	61.36377
3.0361722	-44.871635	61.463867
3.0651002	-44.87027	61.563965
3.1189637	-44.867073	61.664063
3.1660888	-44.865433	61.76416
3.2401216	-44.863846	61.864258
3.2608302	-44.862007	61.964355
3.2600498	-44.861809	62.064453
3.269604	-44.861156	62.164551
3.2782359	-44.860985	62.264648
3.254636	-44.861031	62.364746
3.318007	-44.858677	62.464844
3.3319829	-44.857552	62.564941
3.3326705	-44.857117	62.665039
3.297919	-44.858143	62.765137
3.2525833	-44.85928	62.865234
3.239346	-44.85862	62.965332
3.2229719	-44.859383	63.06543
3.2082675	-44.860237	63.165527
3.1912408	-44.859955	63.265625
3.1585441	-44.860096	63.365723
3.1667786	-44.859795	63.46582
3.1642118	-44.859241	63.565918
3.1198387	-44.860325	63.666016
3.107373	-44.860107	63.766113
3.1474674	-44.858212	63.866211
3.1942379	-44.856186	63.966309
3.2315001	-44.853775	64.066406
3.217274	-44.854359	64.166504
3.2396708	-44.852917	64.266602
3.2686765	-44.851204	64.366699
3.2732289	-44.850605	64.466797
3.293056	-44.850048	64.566895
3.3154902	-44.848122	64.666992
3.3373411	-44.846436	64.76709
3.3578706	-44.845749	64.867188
3.3622665	-44.845615	64.967285
3.3731084	-44.844715	65.067383
3.3671081	-44.844669	65.16748
3.3884993	-44.843819	65.267578
3.3557365	-44.845135	65.367676
3.4291198	-44.842655	65.467773
3.4854918	-44.839622	65.567871
3.5005584	-44.83868	65.667969
3.418648	-44.840809	65.768066
3.392025	-44.840809	65.868164
3.3886683	-44.840851	65.968262
3.3648243	-44.840988	66.068359
3.3342056	-44.841595	66.168457
3.3496926	-44.841118	66.268555
3.3843882	-44.839413	66.368652
3.3599353	-44.840065	66.46875
3.3206418	-44.840782	66.568848
3.2508588	-44.842384	66.668945
3.2492568	-44.841473	66.769043
3.3646491	-44.83783	66.869141
3.3738048	-44.836742	66.969238
3.4076488	-44.835545	67.069336
3.3976753	-44.835125	67.169434
3.4027729	-44.834705	67.269531
3.4033656	-44.8339	67.369629
3.4268541	-44.833195	67.469727
3.447016	-44.832611	67.569824
3.4844942	-44.830925	67.669922
3.5104783	-44.828613	67.77002
3.5408862	-44.827404	67.870117
3.5669663	-44.825344	67.970215
3.5777459	-44.824673	68.070313
3.5686877	-44.824841	68.17041
3.5542185	-44.825443	68.270508
3.5502775	-44.825317	68.370605
3.5443909	-44.824841	68.470703
3.523931	-44.825836	68.570801
3.5317841	-44.825043	68.670898
3.5155003	-44.824615	68.770996
3.4714248	-44.8256	68.871094
3.5071514	-44.824818	68.971191
3.5582068	-44.822327	69.071289
3.596499	-44.820934	69.171387
3.5814517	-44.819889	69.271484
3.5685515	-44.820145	69.371582
3.5204186	-44.821281	69.47168
3.5143571	-44.820972	69.571777
3.4947512	-44.821224	69.671875
3.493536	-44.822025	69.771973
3.4990687	-44.820953	69.87207
3.5161254	-44.819302	69.972168
3.5073051	-44.820072	70.072266
3.4781983	-44.819859	70.172363
3.4729745	-44.819473	70.272461
3.5352383	-44.817085	70.372559
3.4893031	-44.817257	70.472656
3.5317452	-44.816162	70.572754
3.5817208	-44.814552	70.672852
3.6064646	-44.813717	70.772949
3.6192327	-44.812603	70.873047
3.6320312	-44.811649	70.973145
3.6353388	-44.811741	71.073242
3.7224796	-44.807941	71.17334
3.7184355	-44.807583	71.273438
3.7340813	-44.806206	71.373535
3.7108583	-44.807026	71.473633
3.6910598	-44.808117	71.57373
3.6770947	-44.808083	71.673828
3.6648395	-44.80817	71.773926
3.7207448	-44.806	71.874023
3.7198713	-44.805882	71.974121
3.6957912	-44.805882	72.074219
3.6441722	-44.80735	72.174316
3.691081	-44.80537	72.274414
3.7642841	-44.802822	72.374512
3.7672188	-44.802193	72.474609
3.7216008	-44.802299	72.574707
3.6413035	-44.804245	72.674805
3.6392441	-44.803635	72.774902
3.6525996	-44.802921	72.875
3.6159506	-44.802837	72.975098
3.6118801	-44.802555	73.075195
3.6318102	-44.801701	73.175293
3.6681702	-44.800621	73.275391
3.7023573	-44.798954	73.375488
3.6610301	-44.799824	73.475586
3.7110364	-44.797329	73.575684
3.7324145	-44.796181	73.675781
3.712271	-44.795822	73.775879
3.6948156	-44.795612	73.875977
3.7207086	-44.794476	73.976074
3.753159	-44.794094	74.076172
3.7863522	-44.793232	74.17627
3.8178332	-44.792141	74.276367
3.8378036	-44.790508	74.376465
3.8437612	-44.79047	74.476563
3.9181528	-44.78706	74.57666
3.9057777	-44.787346	74.676758
3.8609302	-44.787861	74.776855
3.8477886	-44.788265	74.876953
3.8171816	-44.788994	74.977051
3.8434057	-44.788609	75.077148
3.835645	-44.788334	75.177246
3.8284693	-44.787716	75.277344
3.8129227	-44.787666	75.377441
3.7989852	-44.788326	75.477539
3.822871	-44.787487	75.577637
3.8301103	-44.785656	75.677734
3.8637888	-44.784199	75.777832
3.8590126	-44.783119	75.87793
3.8431237	-44.78355	75.978027
3.8350842	-44.783756	76.078125
3.837738	-44.782894	76.178223
3.7935667	-44.783707	76.27832
3.7691059	-44.784313	76.378418
3.7996392	-44.783081	76.478516
3.7521615	-44.783695	76.578613
3.7384548	-44.783428	76.678711
3.7725573	-44.781635	76.778809
3.852473	-44.77879	76.878906
3.8991144	-44.777287	76.979004
3.9468808	-44.775681	77.079102
3.9596822	-44.774242	77.179199
3.9752717	-44.773903	77.279297
3.9845862	-44.773663	77.379395
4.0356421	-44.771236	77.479492
4.0343909	-44.770458	77.57959
4.0146971	-44.770668	77.679688
4.0262384	-44.770206	77.779785
4.0436263	-44.769859	77.879883
4.0376511	-44.769825	77.97998
4.0183697	-44.770863	78.080078
3.9817755	-44.770821	78.180176
3.9867558	-44.770168	78.280273
3.9622159	-44.769829	78.380371
3.9693532	-44.769768	78.480469
4.0052166	-44.768288	78.580566
4.0485363	-44.76683	78.680664
4.0208201	-44.767067	78.780762
4.0005169	-44.766277	78.880859
3.9863489	-44.766415	78.980957
3.9403005	-44.76722	79.081055
3.932539	-44.766304	79.181152
3.9224396	-44.766384	79.28125
3.9361198	-44.765682	79.381348
3.9225793	-44.766159	79.481445
3.918041	-44.765759	79.581543
3.8852329	-44.76564	79.681641
3.8897395	-44.76532	79.781738
3.9844453	-44.761749	79.881836
4.0814986	-44.758766	79.981934
4.1038737	-44.758183	80.082031
4.0935144	-44.757656	80.182129
4.1371484	-44.756107	80.282227
4.1444106	-44.755566	80.382324
4.1624241	-44.754833	80.482422
4.1699853	-44.754131	80.58252
4.2482266	-44.750969	80.682617
4.3006434	-44.749126	80.782715
4.2891068	-44.748718	80.882813
4.2686391	-44.749317	80.98291
4.1782274	-44.751537	81.083008
4.1519632	-44.751839	81.183105
4.148592	-44.751572	81.283203
4.1397114	-44.751633	81.383301
4.1258998	-44.751377	81.483398
4.1136298	-44.751137	81.583496
4.1008449	-44.751183	81.683594
4.0479093	-44.751911	81.783691
4.0295706	-44.751434	81.883789
4.009881	-44.751846	81.983887
4.008462	-44.751286	82.083984
3.9754374	-44.751823	82.184082
4.0043645	-44.750179	82.28418
4.076726	-44.747025	82.384277
4.1020246	-44.746338	82.484375
4.1264958	-44.745155	82.584473
4.142374	-44.743748	82.68457
4.1655307	-44.742664	82.784668
4.1870217	-44.741673	82.884766
4.1963015	-44.740555	82.984863
4.2369428	-44.738182	83.084961
4.1861944	-44.739517	83.185059
4.2002354	-44.739098	83.285156
4.2670984	-44.736553	83.385254
4.2923479	-44.735954	83.485352
4.3078895	-44.735638	83.585449
4.3170199	-44.735146	83.685547
4.3278003	-44.734879	83.785645
4.3100014	-44.734627	83.885742
4.3080235	-44.734241	83.98584
4.2809715	-44.734726	84.085938
4.3034935	-44.733955	84.186035
4.3562264	-44.731922	84.286133
4.3594847	-44.731697	84.38623
4.3004103	-44.732281	84.486328
4.2443004	-44.733173	84.586426
4.1838503	-44.735203	84.686523
4.1774864	-44.734699	84.786621
4.2054348	-44.73365	84.886719
4.2145209	-44.732372	84.986816
4.1945462	-44.732426	85.086914
4.1905799	-44.731628	85.187012
4.1386375	-44.733685	85.287109
4.1348419	-44.732479	85.387207
4.1639814	-44.731503	85.487305
4.1972713	-44.729984	85.587402
4.3202181	-44.726139	85.6875
4.3691659	-44.723743	85.787598
4.3686833	-44.723587	85.887695
4.3645372	-44.723385	85.987793
4.3526101	-44.72366	86.087891
4.3921499	-44.722588	86.187988
4.4090867	-44.722031	86.288086
4.3834701	-44.722462	86.388184
4.4357004	-44.720718	86.488281
4.4478512	-44.719841	86.588379
4.4648871	-44.718735	86.688477
4.4581885	-44.718639	86.788574
4.4428644	-44.718723	86.888672
4.447154	-44.718555	86.98877
4.4465137	-44.718643	87.088867
4.417829	-44.719181	87.188965
4.4862747	-44.71664	87.289063
4.5110049	-44.715424	87.38916
4.4571562	-44.715935	87.489258
4.3961439	-44.717819	87.589355
4.3693042	-44.718029	87.689453
4.3558602	-44.717865	87.789551
4.3663745	-44.718075	87.889648
4.3625212	-44.716785	87.989746
4.3817105	-44.715927	88.089844
4.3631735	-44.716167	88.189941
4.378736	-44.715195	88.290039
4.3731704	-44.714581	88.390137
4.4053693	-44.713303	88.490234
4.4400406	-44.711411	88.590332
4.4671645	-44.70993	88.69043
4.4478707	-44.710026	88.790527
4.4324069	-44.71011	88.890625
4.4526863	-44.709492	88.990723
4.4707208	-44.708576	89.09082
4.5263453	-44.707153	89.190918
4.5663409	-44.705376	89.291016
4.5917935	-44.703377	89.391113
4.5733275	-44.703686	89.491211
4.5545087	-44.703789	89.591309
4.562314	-44.703415	89.691406
4.593298	-44.701958	89.791504
4.6071577	-44.70153	89.891602
4.6296926	-44.700653	89.991699
4.606215	-44.700558	90.091797
4.6051321	-44.700783	90.191895
4.5664959	-44.701828	90.291992
4.5995808	-44.700397	90.39209
4.6489468	-44.698936	90.492188
4.5833616	-44.69981	90.592285
4.5586309	-44.700317	90.692383
4.5509305	-44.700169	90.79248
4.5504274	-44.698776	90.892578
4.5464921	-44.698746	90.992676
4.5460973	-44.697895	91.092773
4.51827	-44.69849	91.192871
4.4999518	-44.699074	91.292969
4.5215688	-44.697525	91.393066
4.516355	-44.696808	91.493164
4.4488673	-44.697624	91.593262
4.5810328	-44.693428	91.693359
4.6461926	-44.691334	91.793457
4.6654983	-44.690098	91.893555
4.6994042	-44.688843	91.993652
4.7028227	-44.68837	92.09375
4.7077417	-44.688084	92.193848
4.6957583	-44.687946	92.293945
4.6827288	-44.688309	92.394043
4.6858497	-44.688347	92.494141
4.6952024	-44.688217	92.594238
4.7488003	-44.685406	92.694336
4.7556968	-44.684711	92.794434
4.7001739	-44.686188	92.894531
4.6419883	-44.687252	92.994629
4.6657681	-44.686356	93.094727
4.761878	-44.683247	93.194824
4.7458701	-44.682735	93.294922
4.6897559	-44.684544	93.39502
4.6788478	-44.684799	93.495117
4.6680708	-44.684502	93.595215
4.6830983	-44.683872	93.695313
4.6908059	-44.68327	93.79541
4.7855248	-44.680435	93.895508
4.7386742	-44.68055	93.995605
4.707005	-44.681072	94.095703
4.6874728	-44.68124	94.195801
4.7169218	-44.679523	94.295898
4.7288165	-44.67841	94.395996
4.7517352	-44.677361	94.496094
4.7635708	-44.676731	94.596191
4.743433	-44.676796	94.696289
4.7637696	-44.675816	94.796387
4.7749872	-44.675423	94.896484
4.7737241	-44.675522	94.996582
4.7518992	-44.674835	95.09668
4.7714481	-44.673828	95.196777
4.8660049	-44.670658	95.296875
4.9010987	-44.668751	95.396973
4.8732004	-44.66964	95.49707
4.8585978	-44.669151	95.597168
4.8525639	-44.669189	95.697266
4.8598075	-44.66843	95.797363
4.8582754	-44.668682	95.897461
4.8431325	-44.668247	95.997559
4.8538113	-44.667294	96.097656
4.8363714	-44.667629	96.197754
4.8544602	-44.667023	96.297852
4.9156041	-44.665638	96.397949
4.9344754	-44.664036	96.498047
4.8967881	-44.664188	96.598145
4.8542738	-44.664864	96.698242
4.8277874	-44.665134	96.79834
4.8451695	-44.664692	96.898438
4.8394146	-44.664352	96.998535
4.8492184	-44.663445	97.098633
4.8679829	-44.662693	97.19873
4.8846273	-44.661938	97.298828
4.9413943	-44.66045	97.398926
4.9527168	-44.659199	97.499023
4.9246955	-44.66021	97.599121
4.9268904	-44.659309	97.699219
4.9037738	-44.65929	97.799316
4.9124846	-44.658558	97.899414
4.894486	-44.658283	97.999512
4.8907266	-44.658005	98.099609
4.9526005	-44.656532	98.199707
5.029026	-44.654518	98.299805
5.0308132	-44.653061	98.399902
4.9946494	-44.653774	98.5
4.9615078	-44.653633	98.600098
4.906023	-44.655193	98.700195
4.9401422	-44.653656	98.800293
4.9550152	-44.653061	98.900391
4.9758487	-44.652115	99.000488
5.0006623	-44.65086	99.100586
5.0054879	-44.649563	99.200684
4.9167757	-44.651684	99.300781
4.9608622	-44.650631	99.400879
5.050096	-44.647339	99.500977
5.0776477	-44.645992	99.601074
5.0838251	-44.645344	99.701172
5.0669188	-44.644737	99.80127
5.0443215	-44.645805	99.901367
5.0198851	-44.646286	100.00146
5.0211334	-44.645897	100.10156
5.0103269	-44.64603	100.20166
5.0208592	-44.64484	100.30176
5.1007719	-44.643024	100.40186
5.1349773	-44.640938	100.50195
5.0584922	-44.642288	100.60205
5.0353022	-44.643372	100.70215
5.0476937	-44.642139	100.80225
5.0314388	-44.642395	100.90234
5.0745406	-44.640175	101.00244
5.0779285	-44.639748	101.10254
5.0706344	-44.63905	101.20264
5.0675631	-44.638882	101.30273
4.990468	-44.640579	101.40283
4.9751859	-44.640507	101.50293
5.0502105	-44.638672	101.60303
5.1765718	-44.634666	101.70313
5.1888285	-44.633995	101.80322
5.1686335	-44.633556	101.90332
5.1104836	-44.635017	102.00342
5.1145506	-44.635124	102.10352
5.1496048	-44.634007	102.20361
5.2081304	-44.631927	102.30371
5.1862745	-44.632103	102.40381
5.160831	-44.632294	102.50391
5.2404919	-44.630096	102.604
5.2687211	-44.627953	102.7041
5.195466	-44.629532	102.8042
5.1352453	-44.629902	102.9043
5.1501117	-44.630165	103.00439
5.1914797	-44.628651	103.10449
5.2071486	-44.628086	103.20459
5.2031026	-44.628082	103.30469
5.176136	-44.62833	103.40479
5.1824327	-44.626877	103.50488
5.2833452	-44.624771	103.60498
5.3342738	-44.622299	103.70508
5.2622333	-44.62315	103.80518
5.1868143	-44.625122	103.90527
5.1914601	-44.624577	104.00537
5.1859956	-44.623867	104.10547
5.1784344	-44.623592	104.20557
5.2056117	-44.622772	104.30566
5.2123513	-44.622082	104.40576
5.2035656	-44.622036	104.50586
5.1890197	-44.621822	104.60596