MTS793|MPT|ENU|1|2|.|/|:|1|0|0|A

Data Acquisition						Time:	66.609375	Sec	6/8/2017 11:39:51 AM
Axial Force	Axial Displacement	Time
N	mm	Sec
0.13486665	-45.363094	2.1887207
0.063928306	-45.37373	2.2888184
0.14257333	-45.360538	2.388916
0.10068809	-45.363358	2.4890137
0.10571477	-45.363628	2.5891113
0.099180497	-45.364445	2.689209
0.096177727	-45.364643	2.7893066
0.092877597	-45.364841	2.8894043
0.10418732	-45.363674	2.989502
0.14878064	-45.351475	3.0895996
0.067202993	-45.367725	3.1896973
0.17699417	-45.346733	3.2897949
0.11451305	-45.355045	3.3898926
0.13375148	-45.351166	3.4899902
0.12688966	-45.352596	3.5900879
0.13717309	-45.350109	3.6901855
0.13701265	-45.348717	3.7902832
0.13442564	-45.34864	3.8903809
0.21367355	-45.334034	3.9904785
0.14084232	-45.345036	4.0905762
0.23871505	-45.327774	4.1906738
0.15590854	-45.341763	4.2907715
0.23972675	-45.326031	4.3908691
0.18033756	-45.335442	4.4909668
0.22268572	-45.32914	4.5910645
0.19092588	-45.333183	4.6911621
0.2366277	-45.327396	4.7912598
0.18229055	-45.3339	4.8913574
0.31912005	-45.315868	4.9914551
0.16850391	-45.332779	5.0915527
0.32747087	-45.312588	5.1916504
0.2129892	-45.324154	5.291748
0.2790671	-45.316242	5.3918457
0.23128848	-45.321495	5.4919434
0.26413935	-45.317097	5.592041
0.23978584	-45.318802	5.6921387
0.24562858	-45.317539	5.7922363
0.24623451	-45.318073	5.892334
0.24822547	-45.31271	5.9924316
0.30448028	-45.308849	6.0925293
0.25520796	-45.311066	6.192627
0.27261642	-45.309196	6.2927246
0.25918803	-45.309299	6.3928223
0.27310106	-45.307251	6.4929199
0.26980516	-45.307854	6.5930176
0.27387294	-45.306465	6.6931152
0.27188483	-45.305714	6.7932129
0.33294228	-45.299618	6.8933105
0.24709859	-45.306591	6.9934082
0.3909198	-45.291351	7.0935059
0.31023908	-45.298103	7.1936035
0.35532871	-45.292156	7.2937012
0.34631971	-45.293121	7.3937988
0.34513539	-45.292271	7.4938965
0.34885255	-45.293114	7.5939941
0.35582408	-45.291382	7.6940918
0.35012791	-45.291607	7.7941895
0.44714561	-45.28149	7.8942871
0.35607415	-45.290199	7.9943848
0.42308864	-45.279854	8.0944824
0.44601938	-45.281574	8.1945801
0.369508	-45.283844	8.2946777
0.45557347	-45.276573	8.3947754
0.36480251	-45.28384	8.494873
0.4293704	-45.276871	8.5949707
0.38218808	-45.281998	8.6950684
0.37529513	-45.28067	8.795166
0.3877551	-45.27998	8.8952637
0.35464123	-45.282867	8.9953613
0.45305705	-45.271862	9.095459
0.40535247	-45.277317	9.1955566
0.4022916	-45.272968	9.2956543
0.44337943	-45.270962	9.395752
0.38389176	-45.274418	9.4958496
0.43196598	-45.270084	9.5959473
0.40772992	-45.272278	9.6960449
0.41281709	-45.271198	9.7961426
0.50276738	-45.260525	9.8962402
0.49042016	-45.263096	9.9963379
0.40352711	-45.267368	10.096436
0.5634408	-45.254059	10.196533
0.48445854	-45.259964	10.296631
0.5119862	-45.256012	10.396729
0.52453113	-45.25589	10.496826
0.50115538	-45.257332	10.596924
0.50769305	-45.25589	10.697021
0.52421176	-45.254631	10.797119
0.51403123	-45.254841	10.897217
0.50936764	-45.254086	10.997314
0.60294485	-45.246819	11.097412
0.47212854	-45.255707	11.19751
0.57112259	-45.245464	11.297607
0.57897246	-45.245819	11.397705
0.55572808	-45.245811	11.497803
0.54136783	-45.246815	11.5979
0.55113906	-45.245308	11.697998
0.5445987	-45.245502	11.798096
0.536529	-45.245125	11.898193
0.53071636	-45.24493	11.998291
0.53995061	-45.243736	12.098389
0.55039656	-45.241261	12.198486
0.62796402	-45.235039	12.298584
0.52464277	-45.242355	12.398682
0.5377537	-45.238426	12.498779
0.60055685	-45.235016	12.598877
0.57347661	-45.235111	12.698975
0.57849008	-45.234882	12.799072
0.59070426	-45.233944	12.89917
0.60426337	-45.232555	12.999268
0.57204741	-45.231895	13.099365
0.72744209	-45.220131	13.199463
0.6086272	-45.228752	13.299561
0.62036753	-45.224678	13.399658
0.68464392	-45.22113	13.499756
0.65835965	-45.222233	13.599854
0.65195137	-45.22171	13.699951
0.67019367	-45.220467	13.800049
0.67221063	-45.220787	13.900146
0.71735138	-45.217278	14.000244
0.63851911	-45.22163	14.100342
0.70857751	-45.214512	14.200439
0.72265816	-45.213345	14.300537
0.68097758	-45.215099	14.400635
0.67449486	-45.215042	14.500732
0.68276322	-45.212967	14.60083
0.70419276	-45.212833	14.700928
0.63661391	-45.215763	14.801025
0.71102387	-45.211346	14.901123
0.66065639	-45.212826	15.001221
0.68656647	-45.208775	15.101318
0.75316072	-45.204182	15.201416
0.68552035	-45.208229	15.301514
0.69667339	-45.205723	15.401611
0.72544575	-45.202976	15.501709
0.71275091	-45.203617	15.601807
0.69350904	-45.203983	15.701904
0.74243039	-45.200226	15.802002
0.7924462	-45.197319	15.9021
0.68205792	-45.203094	16.002197
0.76132125	-45.194817	16.102295
0.8532232	-45.188438	16.202393
0.77830571	-45.19294	16.30249
0.76422918	-45.192478	16.402588
0.79870218	-45.190403	16.502686
0.82102001	-45.189075	16.602783
0.77681595	-45.191101	16.702881
0.7822696	-45.190441	16.802979
0.81249678	-45.188938	16.903076
0.85110807	-45.186241	17.003174
0.76331836	-45.190983	17.103271
0.83130378	-45.18375	17.203369
0.86072385	-45.182163	17.303467
0.83837396	-45.182976	17.403564
0.81164157	-45.183453	17.503662
0.83006012	-45.181343	17.60376
0.85015148	-45.180191	17.703857
0.80354863	-45.18272	17.803955
0.82816184	-45.180851	17.904053
0.88443017	-45.175819	18.00415
0.94295114	-45.172108	18.104248
0.8103379	-45.178905	18.204346
0.80198574	-45.176952	18.304443
0.93794489	-45.168003	18.404541
0.90637654	-45.170937	18.504639
0.84817356	-45.172874	18.604736
0.90594584	-45.168224	18.704834
0.91353321	-45.16811	18.804932
0.8881368	-45.168915	18.905029
0.87134075	-45.169601	19.005127
0.89541554	-45.167912	19.105225
0.90775913	-45.167294	19.205322
0.8725335	-45.169369	19.30542
0.91326779	-45.166199	19.405518
0.96725953	-45.161705	19.505615
0.96709073	-45.160954	19.605713
0.94802451	-45.161179	19.705811
0.95381105	-45.160511	19.805908
0.9509542	-45.159576	19.906006
0.94965476	-45.160622	20.006104
0.95421445	-45.159222	20.106201
0.92626399	-45.159698	20.206299
0.92158693	-45.157459	20.306396
1.0486774	-45.149448	20.406494
1.0110415	-45.153053	20.506592
0.94567293	-45.154209	20.606689
0.9656024	-45.15205	20.706787
1.0049211	-45.148594	20.806885
0.98829287	-45.149578	20.906982
0.9746998	-45.149574	21.00708
0.98958927	-45.147583	21.107178
1.0689973	-45.142445	21.207275
1.0826352	-45.14077	21.307373
1.0275034	-45.1432	21.407471
0.96149582	-45.145603	21.507568
1.0781295	-45.137962	21.607666
1.0851086	-45.137253	21.707764
1.0417664	-45.139378	21.807861
1.0593489	-45.13718	21.907959
1.0564001	-45.137329	22.008057
1.0466857	-45.136997	22.108154
1.0748749	-45.136227	22.208252
1.0665362	-45.135418	22.30835
1.0663697	-45.134048	22.408447
1.1219268	-45.13007	22.508545
1.1153479	-45.131145	22.608643
1.106838	-45.131084	22.70874
1.0801328	-45.131729	22.808838
1.0669167	-45.131767	22.908936
1.101745	-45.129288	23.009033
1.0840702	-45.129635	23.109131
1.0746682	-45.12833	23.209229
1.1587493	-45.124474	23.309326
1.1547756	-45.124458	23.409424
1.0958601	-45.125427	23.509521
1.0873795	-45.124454	23.609619
1.1272155	-45.121334	23.709717
1.1538292	-45.119492	23.809814
1.1461202	-45.1199	23.909912
1.1309482	-45.120106	24.01001
1.1207402	-45.120224	24.110107
1.1460763	-45.118015	24.210205
1.1739979	-45.115589	24.310303
1.2252759	-45.113014	24.4104
1.1725799	-45.11536	24.510498
1.150867	-45.114033	24.610596
1.211248	-45.110073	24.710693
1.2178428	-45.109539	24.810791
1.2088208	-45.109253	24.910889
1.2390726	-45.107136	25.010986
1.2175348	-45.107479	25.111084
1.1940196	-45.108746	25.211182
1.2804452	-45.103497	25.311279
1.2184057	-45.105534	25.411377
1.1705533	-45.106285	25.511475
1.2514313	-45.100666	25.611572
1.2924904	-45.097912	25.71167
1.2332405	-45.100605	25.811768
1.2131966	-45.100918	25.911865
1.2023981	-45.100929	26.011963
1.2228649	-45.099167	26.112061
1.2192962	-45.099327	26.212158
1.241905	-45.097973	26.312256
1.1953545	-45.098618	26.412354
1.2350367	-45.094551	26.512451
1.3456359	-45.088955	26.612549
1.3286864	-45.089767	26.712646
1.2272422	-45.094212	26.812744
1.2726591	-45.090107	26.912842
1.322717	-45.08736	27.012939
1.3119016	-45.086979	27.113037
1.3288509	-45.085579	27.213135
1.3220046	-45.085213	27.313232
1.339327	-45.084557	27.41333
1.3293959	-45.084778	27.513428
1.3100865	-45.085445	27.613525
1.3988831	-45.07988	27.713623
1.3942878	-45.07954	27.813721
1.3167698	-45.082512	27.913818
1.3332789	-45.080788	28.013916
1.3813384	-45.077297	28.114014
1.4008524	-45.075943	28.214111
1.3823036	-45.076462	28.314209
1.3364657	-45.078373	28.414307
1.3449619	-45.076752	28.514404
1.3555355	-45.076283	28.614502
1.3377721	-45.077286	28.7146
1.2999197	-45.077694	28.814697
1.3730363	-45.072193	28.914795
1.4262077	-45.069466	29.014893
1.4054428	-45.070354	29.11499
1.3926133	-45.070396	29.215088
1.3641579	-45.071262	29.315186
1.3833783	-45.06966	29.415283
1.370049	-45.06953	29.515381
1.372241	-45.069038	29.615479
1.4123424	-45.065849	29.715576
1.4730852	-45.061649	29.815674
1.5030919	-45.060661	29.915771
1.4682323	-45.061275	30.015869
1.4346015	-45.062321	30.115967
1.4677263	-45.059948	30.216064
1.4798974	-45.058281	30.316162
1.5085123	-45.056374	30.41626
1.4883575	-45.05724	30.516357
1.4606597	-45.058064	30.616455
1.5498022	-45.052261	30.716553
1.5947769	-45.049969	30.81665
1.5420285	-45.052109	30.916748
1.4997079	-45.05294	31.016846
1.5286742	-45.050606	31.116943
1.5277458	-45.050789	31.217041
1.5365742	-45.049744	31.317139
1.5230219	-45.049854	31.417236
1.4759949	-45.050854	31.517334
1.4581621	-45.051613	31.617432
1.4616156	-45.05077	31.717529
1.4983168	-45.047459	31.817627
1.5230259	-45.045692	31.917725
1.5106002	-45.046326	32.017822
1.5106456	-45.0453	32.11792
1.5168599	-45.043629	32.218018
1.5250348	-45.04303	32.318115
1.5332319	-45.042404	32.418213
1.5604942	-45.040672	32.518311
1.5559443	-45.040028	32.618408
1.55458	-45.039055	32.718506
1.6043997	-45.034981	32.818604
1.6832024	-45.030476	32.918701
1.7106825	-45.029526	33.018799
1.6324486	-45.032494	33.118896
1.6299518	-45.032001	33.218994
1.6451436	-45.030773	33.319092
1.6548115	-45.029964	33.419189
1.6641024	-45.028721	33.519287
1.6256539	-45.029316	33.619385
1.6261433	-45.029781	33.719482
1.7038509	-45.026386	33.81958
1.6827039	-45.026245	33.919678
1.6165401	-45.027115	34.019775
1.6404324	-45.025928	34.119873
1.6691155	-45.02422	34.219971
1.652119	-45.024166	34.320068
1.6206644	-45.025108	34.420166
1.6000484	-45.025013	34.520264
1.6048834	-45.024422	34.620361
1.5224915	-45.026558	34.720459
1.6217036	-45.019295	34.820557
1.673912	-45.017365	34.920654
1.6918993	-45.016415	35.020752
1.6518228	-45.017826	35.12085
1.6524574	-45.016163	35.220947
1.6451356	-45.015778	35.321045
1.6839517	-45.013927	35.421143
1.6806155	-45.013813	35.52124
1.6968225	-45.011997	35.621338
1.7656869	-45.007957	35.721436
1.8330188	-45.003555	35.821533
1.8779684	-45.000935	35.921631
1.8034706	-45.003792	36.021729
1.7723042	-45.003864	36.121826
1.8116186	-45.002216	36.221924
1.8079844	-45.002342	36.322021
1.8076799	-45.001728	36.422119
1.8111316	-45.001614	36.522217
1.8266673	-45.000748	36.622314
1.8322207	-44.999638	36.722412
1.7983109	-45.000751	36.82251
1.71095	-45.00351	36.922607
1.7671018	-44.998779	37.022705
1.8317533	-44.99593	37.122803
1.8067508	-44.99659	37.2229
1.7591356	-44.997967	37.322998
1.7448883	-44.997452	37.423096
1.7452998	-44.996597	37.523193
1.7600204	-44.995399	37.623291
1.7505378	-44.995686	37.723389
1.7222793	-44.996078	37.823486
1.7023356	-44.995808	37.923584
1.7282844	-44.993126	38.023682
1.8214749	-44.987789	38.123779
1.8664962	-44.986122	38.223877
1.8651968	-44.985199	38.323975
1.8958987	-44.983196	38.424072
1.8887848	-44.982979	38.52417
1.85377	-44.984661	38.624268
1.8665768	-44.98333	38.724365
1.9071001	-44.981091	38.824463
1.9303601	-44.979698	38.924561
1.9388913	-44.97908	39.024658
2.021507	-44.973778	39.124756
2.0924113	-44.970032	39.224854
2.0844212	-44.970463	39.324951
2.0206528	-44.972351	39.425049
1.9726658	-44.973167	39.525146
1.9564915	-44.973309	39.625244
1.9637095	-44.972378	39.725342
1.9468007	-44.973129	39.825439
1.9318492	-44.973679	39.925537
1.8963038	-44.974712	40.025635
1.9059318	-44.974041	40.125732
1.8651863	-44.974533	40.22583
1.8046941	-44.97583	40.325928
1.885385	-44.971313	40.426025
1.9078763	-44.969494	40.526123
1.9209411	-44.969082	40.626221
1.9078108	-44.968731	40.726318
1.8963317	-44.968693	40.826416
1.8952906	-44.967457	40.926514
1.9059854	-44.966621	41.026611
1.9126748	-44.965569	41.126709
1.9419594	-44.963924	41.226807
1.933642	-44.963364	41.326904
1.9384298	-44.962906	41.427002
1.9653386	-44.961857	41.5271
2.0526597	-44.956272	41.627197
2.0999095	-44.953773	41.727295
2.0969586	-44.953373	41.827393
2.0842273	-44.954041	41.92749
2.0818434	-44.953552	42.027588
2.0980475	-44.951775	42.127686
2.165457	-44.948292	42.227783
2.2171659	-44.946037	42.327881
2.206279	-44.94603	42.427979
2.1635408	-44.947262	42.528076
2.0989783	-44.948662	42.628174
2.088145	-44.948685	42.728271
2.0809977	-44.948391	42.828369
2.1034505	-44.946701	42.928467
2.1100724	-44.946289	43.028564
2.0714326	-44.947647	43.128662
2.0576532	-44.948063	43.22876
2.0203283	-44.948025	43.328857
1.9748663	-44.948483	43.428955
1.9517211	-44.947933	43.529053
1.9904265	-44.94582	43.62915
2.0606399	-44.9422	43.729248
2.082072	-44.941528	43.829346
2.0787237	-44.941174	43.929443
2.0642781	-44.941277	44.029541
2.0850561	-44.93964	44.129639
2.0969419	-44.938419	44.229736
2.1130204	-44.93771	44.329834
2.1337986	-44.936539	44.429932
2.1639793	-44.93536	44.530029
2.2389965	-44.929638	44.630127
2.3269801	-44.924923	44.730225
2.3598537	-44.923214	44.830322
2.3557463	-44.923355	44.93042
2.2897739	-44.925301	45.030518
2.2584856	-44.925819	45.130615
2.264591	-44.925274	45.230713
2.2844169	-44.92382	45.330811
2.3187883	-44.922112	45.430908
2.2925622	-44.923103	45.531006
2.276078	-44.923126	45.631104
2.3473024	-44.920109	45.731201
2.3372025	-44.919834	45.831299
2.2645583	-44.922241	45.931396
2.1610372	-44.924831	46.031494
2.1961336	-44.922359	46.131592
2.1991713	-44.921379	46.231689
2.2005465	-44.920258	46.331787
2.1866808	-44.920609	46.431885
2.159862	-44.921593	46.531982
2.1450474	-44.920906	46.63208
2.0605657	-44.923782	46.732178
2.0577221	-44.921551	46.832275
2.1736226	-44.916149	46.932373
2.2181413	-44.914001	47.032471
2.2384717	-44.912731	47.132568
2.2348003	-44.912777	47.232666
2.2325828	-44.912071	47.332764
2.2395575	-44.911068	47.432861
2.3266795	-44.905556	47.532959
2.4232609	-44.901581	47.633057
2.4616745	-44.899731	47.733154
2.4661951	-44.898571	47.833252
2.4191692	-44.900497	47.93335
2.3920965	-44.900887	48.033447
2.3974476	-44.901051	48.133545
2.4350677	-44.899227	48.233643
2.4572158	-44.898048	48.33374
2.422745	-44.898533	48.433838
2.412519	-44.898197	48.533936
2.4262571	-44.897671	48.634033
2.4727371	-44.895576	48.734131
2.4143999	-44.897167	48.834229
2.3389208	-44.899349	48.934326
2.3253076	-44.898975	49.034424
2.3258727	-44.897942	49.134521
2.3190427	-44.89764	49.234619
2.3322291	-44.896362	49.334717
2.3166881	-44.896301	49.434814
2.2814384	-44.897667	49.534912
2.2687111	-44.897083	49.63501
2.2921872	-44.894978	49.735107
2.3010087	-44.894199	49.835205
2.2210281	-44.89603	49.935303
2.2329214	-44.89455	50.0354
2.3428013	-44.889538	50.135498
2.3953071	-44.887821	50.235596
2.4356372	-44.8857	50.335693
2.4134579	-44.885872	50.435791
2.4500697	-44.884109	50.535889
2.4500155	-44.883499	50.635986
2.4759803	-44.88242	50.736084
2.5490577	-44.878525	50.836182
2.6375074	-44.874485	50.936279
2.6781356	-44.872265	51.036377
2.6810486	-44.871693	51.136475
2.6513875	-44.872261	51.236572
2.5811315	-44.874779	51.33667
2.555948	-44.874695	51.436768
2.5265017	-44.875645	51.536865
2.543463	-44.873772	51.636963
2.5228298	-44.874443	51.737061
2.5283504	-44.873642	51.837158
2.526377	-44.873852	51.937256
2.4649446	-44.875477	52.037354
2.4676507	-44.873928	52.137451
2.4958482	-44.871822	52.237549
2.4777701	-44.872078	52.337646
2.4697204	-44.871857	52.437744
2.4510448	-44.872154	52.537842
2.4405074	-44.872097	52.637939
2.4368508	-44.87159	52.738037
2.4472077	-44.870548	52.838135
2.4095778	-44.871922	52.938232
2.4330404	-44.870106	53.03833
2.4742744	-44.86607	53.138428
2.5705416	-44.86174	53.238525
2.6192245	-44.859455	53.338623
2.6235929	-44.859161	53.438721
2.6319723	-44.858898	53.538818
2.6270761	-44.858528	53.638916
2.6448503	-44.856968	53.739014
2.6741104	-44.856133	53.839111
2.6884255	-44.855289	53.939209
2.7793972	-44.850124	54.039307
2.8484919	-44.846909	54.139404
2.8635237	-44.845589	54.239502
2.8107419	-44.847782	54.3396
2.7263091	-44.850285	54.439697
2.7176914	-44.850025	54.539795
2.6964848	-44.850269	54.639893
2.6764572	-44.851181	54.73999
2.6269426	-44.852497	54.840088
2.6388707	-44.851898	54.940186
2.5946321	-44.852299	55.040283
2.553725	-44.853088	55.140381
2.541039	-44.852497	55.240479
2.5939045	-44.849422	55.340576
2.5987608	-44.848881	55.440674
2.6357493	-44.846287	55.540771
2.6394413	-44.845913	55.640869
2.6362553	-44.845478	55.740967
2.6282079	-44.845306	55.841064
2.6275938	-44.844975	55.941162
2.6497767	-44.8437	56.04126
2.6378441	-44.842491	56.141357
2.6914587	-44.839096	56.241455
2.7749765	-44.835011	56.341553
2.8394454	-44.832634	56.44165
2.8648677	-44.83139	56.541748
2.8362799	-44.833088	56.641846
2.802974	-44.834019	56.741943
2.7963095	-44.833698	56.842041
2.8010271	-44.832733	56.942139
2.807802	-44.832237	57.042236
2.9075854	-44.828442	57.142334
2.9496381	-44.826645	57.242432
2.9224458	-44.827675	57.342529
2.8536487	-44.828609	57.442627
2.8354759	-44.828461	57.542725
2.8241577	-44.827923	57.642822
2.8106654	-44.828167	57.74292
2.8079247	-44.827728	57.843018
2.8060238	-44.82782	57.943115
2.8111947	-44.826687	58.043213
2.7944221	-44.826981	58.143311
2.7889957	-44.826927	58.243408
2.7550111	-44.827301	58.343506
2.6891108	-44.829151	58.443604
2.6917751	-44.827686	58.543701
2.7695527	-44.823769	58.643799
2.794328	-44.822929	58.743896
2.8507738	-44.820744	58.843994
2.8272641	-44.820763	58.944092
2.8325081	-44.82037	59.044189
2.8397217	-44.818966	59.144287
2.8108671	-44.819279	59.244385
2.8500113	-44.817554	59.344482
2.8339283	-44.817162	59.44458
2.8937161	-44.814201	59.544678
2.9568636	-44.811401	59.644775
2.9683273	-44.810978	59.744873
2.9730401	-44.810188	59.844971
2.9774435	-44.810314	59.945068
2.9708953	-44.810059	60.045166
2.9603412	-44.809437	60.145264
2.9568479	-44.809246	60.245361
3.028609	-44.806759	60.345459
3.0627899	-44.804977	60.445557
3.0371189	-44.805355	60.545654
2.9537032	-44.806278	60.645752
2.9434345	-44.806267	60.74585
2.9561412	-44.805389	60.845947
2.950702	-44.805721	60.946045
2.9264472	-44.805706	61.046143
2.9462347	-44.804783	61.14624
2.9320698	-44.804871	61.246338
2.946254	-44.804245	61.346436
2.8974154	-44.805275	61.446533
2.9171345	-44.803185	61.546631
2.9512939	-44.801064	61.646729
2.9808552	-44.799591	61.746826
2.9836683	-44.799351	61.846924
2.9754398	-44.798813	61.947021
2.9768093	-44.79884	62.047119
2.9916422	-44.797165	62.147217
3.0018995	-44.796249	62.247314
2.9474614	-44.797562	62.347412
3.0140254	-44.794361	62.44751
3.042032	-44.792149	62.547607
3.0733509	-44.791462	62.647705
3.057322	-44.791336	62.747803
3.0506475	-44.791203	62.8479
3.0332839	-44.791515	62.947998
3.0410261	-44.790897	63.048096
3.0370636	-44.790344	63.148193
3.0446987	-44.789677	63.248291
3.0589507	-44.788738	63.348389
3.0532281	-44.788418	63.448486
3.0466235	-44.788231	63.548584
3.0660379	-44.78632	63.648682
3.0356965	-44.786396	63.748779
3.0497315	-44.78566	63.848877
3.083389	-44.783836	63.948975
3.0812283	-44.783485	64.049072
3.0791013	-44.782833	64.14917
3.0809858	-44.782539	64.249268
3.1099062	-44.781422	64.349365
3.1358359	-44.779213	64.449463
3.1781378	-44.776745	64.549561
3.1943765	-44.775013	64.649658
3.1757472	-44.775906	64.749756
3.1666887	-44.776699	64.849854
3.1748884	-44.774914	64.949951
3.1741102	-44.774487	65.050049
3.1991897	-44.77285	65.150146
3.1984115	-44.772484	65.250244
3.1931214	-44.772869	65.350342
3.1987925	-44.771603	65.450439
3.2726207	-44.768135	65.550537
3.2739477	-44.768459	65.650635
3.2360966	-44.768574	65.750732
3.2333226	-44.76778	65.85083
3.1875942	-44.768787	65.950928
3.1794696	-44.768326	66.051025
3.1760991	-44.767639	66.151123
3.1619649	-44.768761	66.251221
3.1551573	-44.768421	66.351318
3.1573918	-44.767498	66.451416
3.1742852	-44.767406	66.551514
3.1863737	-44.766071	66.651611
3.1870325	-44.765114	66.751709
3.2512808	-44.761917	66.851807
3.2744765	-44.760895	66.951904
3.2941751	-44.759579	67.052002
3.3215892	-44.75906	67.1521
3.3272407	-44.75795	67.252197
3.3338356	-44.757252	67.352295
3.3041987	-44.757431	67.452393
3.3109648	-44.756691	67.55249
3.392513	-44.754025	67.652588
3.4661825	-44.750259	67.752686
3.4802041	-44.74897	67.852783
3.4442511	-44.749607	67.952881
3.3832471	-44.751106	68.052979
3.3687675	-44.75108	68.153076
3.3588483	-44.752106	68.253174
3.3627031	-44.75161	68.353271
3.3461244	-44.75161	68.453369
3.3296597	-44.75079	68.553467
3.3028193	-44.751564	68.653564
3.267477	-44.752972	68.753662
3.2705481	-44.75182	68.85376
3.2568891	-44.751381	68.953857
3.2253878	-44.751221	69.053955
3.2015219	-44.751255	69.154053
3.2039669	-44.750023	69.25415
3.2849977	-44.746475	69.354248
3.3220577	-44.745079	69.454346
3.3559239	-44.743553	69.554443
3.375416	-44.742374	69.654541
3.3776085	-44.741291	69.754639
3.4112582	-44.740108	69.854736
3.4262831	-44.739342	69.954834
3.4960885	-44.734539	70.054932
3.5552387	-44.732262	70.155029
3.5769656	-44.731518	70.255127
3.5571723	-44.731968	70.355225
3.5492983	-44.731899	70.455322
3.536629	-44.731113	70.55542
3.5366428	-44.731083	70.655518
3.53057	-44.731709	70.755615
3.5542493	-44.729359	70.855713
3.5471342	-44.729469	70.955811
3.5850115	-44.728188	71.055908
3.5806546	-44.727253	71.156006
3.566916	-44.726963	71.256104
3.4977539	-44.728535	71.356201
3.4660764	-44.72887	71.456299
3.4407802	-44.728077	71.556396
3.422514	-44.72789	71.656494
3.4215448	-44.727165	71.756592
3.4378653	-44.726379	71.856689
3.4526594	-44.725422	71.956787
3.4143026	-44.726357	72.056885
3.3853366	-44.726265	72.156982
3.3901763	-44.725727	72.25708
3.3784726	-44.726025	72.357178
3.3522558	-44.725452	72.457275
3.4090934	-44.722446	72.557373
3.4531524	-44.720676	72.657471
3.5070236	-44.718864	72.757568
3.5332162	-44.716908	72.857666
3.5573921	-44.714943	72.957764
3.5897915	-44.714199	73.057861
3.6766803	-44.711174	73.157959
3.7392049	-44.707821	73.258057
3.7635703	-44.70702	73.358154
3.7631857	-44.706249	73.458252
3.7137222	-44.707298	73.55835
3.691772	-44.708126	73.658447
3.6768432	-44.708565	73.758545
3.6744568	-44.707195	73.858643
3.6246722	-44.709042	73.95874
3.648442	-44.707359	74.058838
3.6877618	-44.70676	74.158936
3.7070386	-44.705433	74.259033
3.682842	-44.705097	74.359131
3.6166096	-44.706028	74.459229
3.5557275	-44.707623	74.559326
3.5324421	-44.707455	74.659424
3.5406971	-44.706261	74.759521
3.5381558	-44.706181	74.859619
3.5208156	-44.70546	74.959717
3.5237262	-44.704384	75.059814
3.5411496	-44.704441	75.159912
3.5420301	-44.703625	75.26001
3.5057328	-44.703991	75.360107
3.4771497	-44.703224	75.460205
3.5249104	-44.700031	75.560303
3.6356399	-44.696663	75.6604
3.6824269	-44.694981	75.760498
3.7254624	-44.692875	75.860596
3.7839921	-44.690372	75.960693
3.7792683	-44.690331	76.060791
3.8124645	-44.689461	76.160889
3.8437192	-44.688057	76.260986
3.8782535	-44.685551	76.361084
3.9179418	-44.684406	76.461182
3.9465353	-44.6828	76.561279
3.9314115	-44.683018	76.661377
3.8659437	-44.684364	76.761475
3.8248248	-44.685867	76.861572
3.7850688	-44.686264	76.96167
3.7665317	-44.686249	77.061768
3.772368	-44.685978	77.161865
3.75053	-44.686241	77.261963
3.7154086	-44.686459	77.362061
3.6966846	-44.686447	77.462158
3.6262836	-44.688187	77.562256
3.5858741	-44.688583	77.662354
3.6034124	-44.687538	77.762451
3.6633735	-44.684227	77.862549
3.6806872	-44.683094	77.962646
3.6941912	-44.681839	78.062744
3.7339864	-44.680023	78.162842
3.7412767	-44.679161	78.262939
3.7464426	-44.679008	78.363037
3.7368557	-44.678822	78.463135
3.7719898	-44.676266	78.563232
3.8152668	-44.673218	78.66333
3.8615072	-44.671875	78.763428
3.897176	-44.670609	78.863525
3.9495015	-44.668331	78.963623
4.0050936	-44.665878	79.063721
3.9610887	-44.666836	79.163818
3.9485233	-44.667061	79.263916
3.9443154	-44.667179	79.364014
4.0440178	-44.66325	79.464111
4.0764685	-44.661816	79.564209
4.092226	-44.661034	79.664307
4.0422239	-44.661633	79.764404
3.9674807	-44.663311	79.864502
3.9221098	-44.664948	79.9646
3.8892555	-44.665234	80.064697
3.8444414	-44.666107	80.164795
3.8010006	-44.667137	80.264893
3.794416	-44.667297	80.36499
3.7885437	-44.666527	80.465088
3.7450612	-44.667053	80.565186
3.730752	-44.66745	80.665283
3.7100871	-44.666203	80.765381
3.7707143	-44.663563	80.865479
3.8549407	-44.659897	80.965576
3.9169643	-44.658203	81.065674
3.9491947	-44.656544	81.165771
3.960901	-44.65596	81.265869
3.9521945	-44.655361	81.365967
3.9824452	-44.653755	81.466064
4.0070629	-44.653309	81.566162
4.0530515	-44.650745	81.66626
4.1147876	-44.648117	81.766357
4.1462798	-44.6464	81.866455
4.1531696	-44.645615	81.966553
4.1522336	-44.645634	82.06665
4.1147075	-44.646236	82.166748
4.1321712	-44.64587	82.266846
4.1013899	-44.645557	82.366943
4.0930271	-44.646717	82.467041
4.088789	-44.646618	82.567139
4.0766773	-44.647087	82.667236
4.1134377	-44.645035	82.767334
4.0644722	-44.646435	82.867432
4.0334735	-44.646515	82.967529
4.0073352	-44.646008	83.067627
3.9962573	-44.645332	83.167725
3.9578838	-44.645748	83.267822
3.9300992	-44.64632	83.36792
3.91889	-44.645786	83.468018
3.9185514	-44.645184	83.568115
3.877305	-44.646294	83.668213
3.8465347	-44.64579	83.768311
3.8429346	-44.644501	83.868408
3.8878419	-44.64225	83.968506
3.999161	-44.638531	84.068604
4.0576687	-44.636513	84.168701
4.0969124	-44.634624	84.268799
4.1543541	-44.632957	84.368896
4.1657572	-44.632339	84.468994
4.2290344	-44.628849	84.569092
4.236762	-44.627857	84.669189
4.2624836	-44.626301	84.769287
4.2861748	-44.625526	84.869385
4.2887964	-44.624805	84.969482
4.2683396	-44.625183	85.06958
4.2709122	-44.62513	85.169678
4.2431345	-44.625881	85.269775
4.2480893	-44.624535	85.369873
4.2371144	-44.624996	85.469971
4.2164278	-44.625813	85.570068
4.2206135	-44.624588	85.670166
4.1795659	-44.626114	85.770264
4.1729136	-44.625858	85.870361
4.1336975	-44.625622	85.970459
4.1045132	-44.626011	86.070557
4.0763202	-44.626945	86.170654
4.06847	-44.626915	86.270752
4.0756941	-44.625599	86.37085
4.0758004	-44.624336	86.470947
4.0651832	-44.624229	86.571045
4.0920916	-44.622856	86.671143
4.1129093	-44.621567	86.77124
4.0591478	-44.622318	86.871338
4.0797319	-44.620125	86.971436
4.1225042	-44.618114	87.071533
4.2240462	-44.614746	87.171631
4.2927551	-44.611511	87.271729
4.3351278	-44.609791	87.371826
4.3760371	-44.608353	87.471924
4.4015756	-44.607128	87.572021
4.3929162	-44.606781	87.672119
4.4238691	-44.605072	87.772217
4.4340291	-44.605587	87.872314
4.4899631	-44.602646	87.972412
4.5067921	-44.602142	88.07251
4.4823241	-44.601673	88.172607
4.4094305	-44.603531	88.272705
4.3512807	-44.60437	88.372803
4.2953324	-44.606407	88.4729
4.3046246	-44.605068	88.572998
4.3306847	-44.603355	88.673096
4.3514071	-44.602474	88.773193
4.3040643	-44.602871	88.873291
4.2841706	-44.60334	88.973389
4.2725892	-44.603012	89.073486
4.2395301	-44.603737	89.173584
4.2781062	-44.601616	89.273682
4.2745872	-44.60088	89.373779
4.2671509	-44.599789	89.473877
4.2518492	-44.599663	89.573975
4.2410135	-44.599857	89.674072
4.2549667	-44.5989	89.77417
4.3084903	-44.597187	89.874268
4.2986808	-44.59671	89.974365
4.2829781	-44.595474	90.074463
4.3341312	-44.592834	90.174561
4.4197235	-44.590492	90.274658
4.4560347	-44.588581	90.374756
4.4808822	-44.587864	90.474854
4.5317211	-44.586056	90.574951
4.54842	-44.584846	90.675049
4.5515795	-44.584503	90.775146
4.5286484	-44.584919	90.875244
4.5034533	-44.584938	90.975342
4.6074018	-44.58144	91.075439
4.6143308	-44.580498	91.175537
4.5876575	-44.580338	91.275635
4.5376911	-44.58139	91.375732
4.4980583	-44.582508	91.47583
4.461678	-44.582958	91.575928
4.4429178	-44.582886	91.676025
4.3670077	-44.584946	91.776123
4.363749	-44.583652	91.876221
4.4045882	-44.582806	91.976318
4.3932848	-44.58289	92.076416
4.3413467	-44.582836	92.176514
4.3266687	-44.582008	92.276611
4.3570175	-44.580833	92.376709
4.4155331	-44.578156	92.476807
4.440793	-44.576374	92.576904
4.4455609	-44.576168	92.677002
4.4779391	-44.573914	92.7771
4.5029707	-44.57235	92.877197
4.5337882	-44.571262	92.977295
4.5419703	-44.569782	93.077393
4.5429621	-44.568188	93.17749
4.5535522	-44.567184	93.277588
4.6106291	-44.564762	93.377686
4.6514034	-44.563274	93.477783
4.6504469	-44.563179	93.577881
4.6365342	-44.563934	93.677979
4.6704454	-44.562412	93.778076
4.7002244	-44.560886	93.878174
4.6822653	-44.561314	93.978271
4.7378988	-44.558971	94.078369
4.7959509	-44.556252	94.178467
4.7800884	-44.555824	94.278564
4.7132316	-44.558113	94.378662
4.6290059	-44.559616	94.47876
4.5715666	-44.560493	94.578857
4.534801	-44.561226	94.678955
4.5185614	-44.561737	94.779053
4.5138822	-44.560577	94.87915
4.5291252	-44.559727	94.979248
4.4983292	-44.559895	95.079346
4.4498706	-44.560173	95.179443
4.4387827	-44.558563	95.279541
4.467133	-44.557854	95.379639
4.4911776	-44.556244	95.479736
4.5570846	-44.553635	95.579834
4.6544266	-44.550167	95.679932
4.7148061	-44.546799	95.780029
4.7219048	-44.546375	95.880127
4.7169638	-44.545803	95.980225
4.7141094	-44.546078	96.080322
4.7267957	-44.544834	96.18042
4.7152591	-44.54496	96.280518
4.7892461	-44.54195	96.380615
4.81815	-44.540432	96.480713
4.7942715	-44.540569	96.580811
4.8032274	-44.540173	96.680908
4.7940297	-44.539539	96.781006
4.8184657	-44.538887	96.881104
4.8195996	-44.538322	96.981201
4.7861214	-44.538731	97.081299
4.7456117	-44.539143	97.181396
4.7198081	-44.540058	97.281494
4.7415876	-44.538971	97.381592
4.7298131	-44.538807	97.481689
4.7155342	-44.538467	97.581787
4.7496853	-44.535732	97.681885
4.7436166	-44.535568	97.781982
4.7053666	-44.536385	97.88208
4.6526322	-44.537544	97.982178
4.7071352	-44.534992	98.082275
4.7133636	-44.534576	98.182373
4.7332149	-44.533436	98.282471
4.710505	-44.533314	98.382568
4.6998515	-44.532833	98.482666
4.7316446	-44.530243	98.582764
4.7902584	-44.528111	98.682861
4.8168025	-44.52681	98.782959
4.8465333	-44.525772	98.883057
4.8876076	-44.524376	98.983154
4.8912082	-44.523785	99.083252
4.9138966	-44.522892	99.18335
4.9340191	-44.521019	99.283447
4.9521842	-44.519859	99.383545
4.9315491	-44.519657	99.483643
4.8937688	-44.520752	99.58374
4.902874	-44.520164	99.683838
4.9585772	-44.517365	99.783936
5.0183344	-44.515068	99.884033
4.9455414	-44.517223	99.984131
4.9116845	-44.517197	100.08423
4.8949404	-44.516247	100.18433
4.8335862	-44.518162	100.28442
4.8454156	-44.517395	100.38452
4.8375793	-44.516636	100.48462
4.7979393	-44.51704	100.58472
4.7985907	-44.517128	100.68481
4.8256459	-44.516006	100.78491
4.7964344	-44.515549	100.88501
4.8247757	-44.51371	100.98511
4.8962674	-44.510647	101.08521
4.9308763	-44.509125	101.1853
4.9421897	-44.508312	101.2854
4.9628348	-44.507549	101.3855
4.9337721	-44.508293	101.4856
4.99437	-44.506241	101.58569
5.0586901	-44.502644	101.68579
5.0582862	-44.501675	101.78589
5.0377016	-44.502331	101.88599
5.0415597	-44.501774	101.98608
5.0486608	-44.500645	102.08618
5.0781627	-44.499538	102.18628
5.0611439	-44.499626	102.28638
5.0073996	-44.500198	102.38647
5.0016255	-44.499527	102.48657
5.071053	-44.497421	102.58667
5.1262102	-44.495079	102.68677
5.1479864	-44.493195	102.78687
5.0954638	-44.494106	102.88696
5.0241208	-44.495972	102.98706
4.9758883	-44.496647	103.08716
4.9669204	-44.495739	103.18726
4.9658566	-44.495228	103.28735
5.0085788	-44.493992	103.38745
5.0004325	-44.493637	103.48755
4.9863825	-44.492905	103.58765
5.0088878	-44.49184	103.68774
5.0323067	-44.490345	103.78784
4.9923453	-44.490311	103.88794
4.9976497	-44.488758	103.98804
4.9896069	-44.488564	104.08813
5.1000085	-44.485058	104.18823
5.1616015	-44.482639	104.28833
5.1708603	-44.480839	104.38843
5.1716733	-44.480663	104.48853
5.1607952	-44.480221	104.58862
5.1640673	-44.479111	104.68872
5.1626463	-44.478497	104.78882
5.1320615	-44.478577	104.88892
5.1160736	-44.478214	104.98901
5.2128239	-44.475266	105.08911
5.2272229	-44.473988	105.18921
5.1574702	-44.474892	105.28931
5.1226368	-44.475502	105.3894
5.0979786	-44.476051	105.4895
5.0949736	-44.476234	105.5896
5.09868	-44.475803	105.6897
5.1082268	-44.473495	105.78979
5.1000218	-44.474003	105.88989
5.0557566	-44.474087	105.98999
5.1535287	-44.470188	106.09009
5.1546011	-44.469116	106.19019
5.1460137	-44.468689	106.29028
5.1277375	-44.468193	106.39038
5.176363	-44.465988	106.49048
5.2052236	-44.464893	106.59058
5.228754	-44.463673	106.69067
5.2227488	-44.462975	106.79077
5.2422276	-44.46117	106.89087
5.2664576	-44.45927	106.99097
5.2748761	-44.457958	107.09106
5.2863302	-44.456768	107.19116
5.2891569	-44.457001	107.29126
5.2961946	-44.456856	107.39136
5.3779092	-44.452747	107.49146
5.3501458	-44.453175	107.59155
5.3064113	-44.454018	107.69165
5.2800922	-44.453571	107.79175
5.2631092	-44.45401	107.89185
5.2869825	-44.452568	107.99194
5.2670326	-44.452393	108.09204
5.2105432	-44.453205	108.19214
5.2529764	-44.451759	108.29224
5.2128153	-44.451797	108.39233
5.2157125	-44.450645	108.49243
5.1947732	-44.450043	108.59253
5.2269206	-44.447281	108.69263
5.2617249	-44.44574	108.79272
5.2525702	-44.44561	108.89282
5.2434564	-44.445438	108.99292
5.2762036	-44.44331	109.09302
5.2628984	-44.443565	109.19312
5.2624102	-44.442684	109.29321
5.2521758	-44.442284	109.39331
5.3020678	-44.440281	109.49341
5.3425121	-44.438496	109.59351
5.4019966	-44.434761	109.6936
5.4357228	-44.432884	109.7937
5.4186549	-44.432785	109.8938
5.4200177	-44.432381	109.9939
5.4289899	-44.431465	110.09399
5.4207668	-44.431355	110.19409
5.4253936	-44.431137	110.29419
5.504797	-44.428646	110.39429
5.5343447	-44.426571	110.49438
5.5651236	-44.424793	110.59448
5.5077085	-44.425148	110.69458
5.4238615	-44.426571	110.79468
5.3445792	-44.428406	110.89478
5.3223124	-44.42844	110.99487
5.3122377	-44.4277	111.09497
5.3197546	-44.426651	111.19507
5.3169522	-44.426353	111.29517
5.3123455	-44.424965	111.39526
5.2792559	-44.425556	111.49536
5.2662506	-44.424831	111.59546
5.3135033	-44.422585	111.69556
5.3554707	-44.419983	111.79565
5.3659792	-44.418839	111.89575
5.3762646	-44.416985	111.99585
5.4198689	-44.41481	112.09595
5.4619608	-44.413322	112.19604
5.5301785	-44.410439	112.29614
5.5598817	-44.409306	112.39624
5.572988	-44.408535	112.49634
5.5668554	-44.407906	112.59644
5.6399617	-44.405056	112.69653
5.6577101	-44.403736	112.79663
5.6449766	-44.403679	112.89673
5.6363244	-44.40377	112.99683
5.6481242	-44.402042	113.09692
5.6363592	-44.401745	113.19702
5.6380486	-44.40118	113.29712
5.5961032	-44.401428	113.39722
5.5828476	-44.401203	113.49731
5.5824227	-44.400063	113.59741
5.5964599	-44.398815	113.69751
5.5881038	-44.398575	113.79761
5.5671911	-44.39764	113.89771
5.5347147	-44.396748	113.9978
5.4819813	-44.39769	114.0979
5.4661002	-44.397331	114.198
5.4302759	-44.396877	114.2981
5.426405	-44.396351	114.39819
5.4495807	-44.395039	114.49829
5.4554853	-44.394085	114.59839
5.4365993	-44.393581	114.69849
5.3906913	-44.393616	114.79858
5.3947716	-44.392601	114.89868
5.5044332	-44.38842	114.99878
5.5902238	-44.38493	115.09888
5.6985636	-44.381363	115.19897
5.734982	-44.379456	115.29907
5.7413683	-44.378014	115.39917
5.7391043	-44.377098	115.49927
5.7359123	-44.376934	115.59937
5.822855	-44.373131	115.69946
5.8468556	-44.371326	115.79956
5.8596692	-44.370327	115.89966
5.8428087	-44.368729	115.99976
5.809154	-44.369759	116.09985
5.739728	-44.371372	116.19995
5.7174411	-44.371964	116.30005
5.7320495	-44.370781	116.40015
5.7143493	-44.370049	116.50024
5.6677885	-44.371037	116.60034
5.6581469	-44.369865	116.70044
5.6372714	-44.370113	116.80054
5.6068997	-44.370613	116.90063
5.5407848	-44.370842	117.00073
5.5313401	-44.370472	117.10083
5.550324	-44.369354	117.20093
5.6008997	-44.366264	117.30103
5.5918512	-44.365082	117.40112
5.602345	-44.364079	117.50122
5.608779	-44.363152	117.60132
5.625668	-44.361275	117.70142
5.6867514	-44.359558	117.80151
5.7322235	-44.357765	117.90161
5.7560844	-44.355831	118.00171
5.7491527	-44.354401	118.10181
5.7480054	-44.353302	118.2019
5.7984552	-44.351154	118.302
5.851099	-44.349373	118.4021
5.9129634	-44.347099	118.5022
5.948081	-44.345963	118.60229
5.97439	-44.343903	118.70239
5.9597645	-44.343475	118.80249
5.9531803	-44.343437	118.90259
5.9332166	-44.342728	119.00269
5.8944502	-44.342991	119.10278
5.8696809	-44.343105	119.20288
5.8470392	-44.343525	119.30298
5.8207026	-44.343243	119.40308
5.8394771	-44.341835	119.50317
5.8389025	-44.341385	119.60327
5.8424988	-44.340183	119.70337
5.7802229	-44.340611	119.80347
5.7189136	-44.342056	119.90356
5.7080193	-44.341152	120.00366
5.7204533	-44.33989	120.10376
5.7236958	-44.338554	120.20386
5.7340522	-44.337864	120.30396
5.6890755	-44.337261	120.40405
5.6498637	-44.336834	120.50415
5.6837521	-44.334557	120.60425
5.8089209	-44.330379	120.70435
5.8971725	-44.327782	120.80444
5.9413834	-44.325336	120.90454
5.9812322	-44.323029	121.00464
5.9850645	-44.322479	121.10474
5.9920859	-44.321163	121.20483
6.0258203	-44.320129	121.30493
6.0245099	-44.319122	121.40503
6.093266	-44.316216	121.50513
6.1234379	-44.3139	121.60522
6.1098046	-44.31369	121.70532
6.0643454	-44.314754	121.80542
6.0808816	-44.313763	121.90552
6.0641623	-44.313831	122.00562
6.0645456	-44.313377	122.10571
6.0397625	-44.312996	122.20581
6.0061393	-44.313232	122.30591
5.9949656	-44.313267	122.40601
5.9956632	-44.312023	122.5061
6.0269661	-44.309074	122.6062
6.0011907	-44.309456	122.7063
5.9488535	-44.310692	122.8064
5.8810458	-44.310806	122.90649
5.8883996	-44.309475	123.00659
5.904067	-44.308838	123.10669
5.9034572	-44.307461	123.20679
5.9023218	-44.306969	123.30688
5.9171925	-44.306046	123.40698
5.92205	-44.304234	123.50708
5.9637117	-44.302158	123.60718
5.9603157	-44.301174	123.70728
5.9659925	-44.299942	123.80737
5.9737782	-44.298512	123.90747
6.0383849	-44.296139	124.00757
6.1243577	-44.292694	124.10767
6.1562943	-44.29258	124.20776
6.1942959	-44.290379	124.30786
6.1969433	-44.289089	124.40796
6.1809282	-44.289322	124.50806
6.1473866	-44.28949	124.60815
6.1467476	-44.288055	124.70825
6.2229824	-44.285641	124.80835
6.2838159	-44.283363	124.90845
6.2484889	-44.282677	125.00854
6.1717329	-44.284615	125.10864
6.1270065	-44.284966	125.20874
6.092205	-44.285118	125.30884
6.0604105	-44.285519	125.40894
6.029397	-44.285141	125.50903
6.0542712	-44.283298	125.60913
6.0430613	-44.28347	125.70923
6.0139718	-44.2836	125.80933
6.0181017	-44.2822	125.90942
6.0635085	-44.279137	126.00952
6.069273	-44.278229	126.10962
6.0715108	-44.277283	126.20972
6.0685363	-44.27631	126.30981
6.0954576	-44.274693	126.40991
6.0981445	-44.273815	126.51001
6.1195526	-44.271938	126.61011
6.0802617	-44.271973	126.71021
6.0998783	-44.270191	126.8103
6.1346369	-44.268471	126.9104
6.15277	-44.267052	127.0105
6.2191648	-44.264175	127.1106
6.2920971	-44.260872	127.21069
6.3328133	-44.259132	127.31079
6.3100471	-44.259392	127.41089
6.3549466	-44.256725	127.51099
6.3371286	-44.256184	127.61108
6.3189578	-44.255821	127.71118
6.2799315	-44.255955	127.81128
6.2313728	-44.256924	127.91138
6.2386746	-44.255901	128.01147
6.2455478	-44.254776	128.11157
6.2987003	-44.251892	128.21167
6.3668885	-44.249756	128.31177
6.366828	-44.247902	128.41187
6.3072348	-44.248211	128.51196
6.2306771	-44.249485	128.61206
6.2163787	-44.249199	128.71216
6.1987033	-44.248875	128.81226
6.2113271	-44.247467	128.91235
6.2233815	-44.246235	129.01245
6.243793	-44.245308	129.11255
6.243639	-44.244076	129.21265
6.2261972	-44.243813	129.31274
6.2425947	-44.242558	129.41284
6.287508	-44.239937	129.51294
6.3218355	-44.237717	129.61304
6.3325257	-44.237076	129.71313
6.3557129	-44.236053	129.81323
6.3706164	-44.234032	129.91333
6.3812671	-44.23399	130.01343
6.3838043	-44.233219	130.11353
6.3804564	-44.231876	130.21362
6.3938928	-44.230717	130.31372
6.4675808	-44.227524	130.41382
6.4559674	-44.226822	130.51392
6.4262137	-44.225807	130.61401
6.4045672	-44.225819	130.71411
6.3807325	-44.225304	130.81421
6.3832998	-44.225208	130.91431
6.4324017	-44.222794	131.0144
6.4127431	-44.222725	131.1145
6.383893	-44.222778	131.2146