MTS793|MPT|ENU|1|2|.|/|:|1|0|0|A

Data Acquisition						Time:	47.188721	Sec	6/8/2017 2:20:08 PM
Axial Force	Axial Displacement	Time
N	mm	Sec
0.15299693	-45.800255	2.6774902
0.12635843	-45.797295	2.7775879
0.08910118	-45.815365	2.8776855
0.14278106	-45.796482	2.9777832
0.13958129	-45.790798	3.0778809
0.11598167	-45.797844	3.1779785
0.1214423	-45.797577	3.2780762
0.13491155	-45.792664	3.3781738
0.19497728	-45.768093	3.4782715
0.13823217	-45.774094	3.5783691
0.15598758	-45.776295	3.6784668
0.20439801	-45.7547	3.7785645
0.1582773	-45.763706	3.8786621
0.17651923	-45.760914	3.9787598
0.17677659	-45.757206	4.0788574
0.1492023	-45.765476	4.1789551
0.18720266	-45.756832	4.2790527
0.2357654	-45.734562	4.3791504
0.15592696	-45.753059	4.479248
0.23101263	-45.734524	4.5793457
0.21814847	-45.729603	4.6794434
0.20513028	-45.733261	4.779541
0.20663641	-45.731377	4.8796387
0.21385902	-45.729626	4.9797363
0.2127409	-45.727345	5.079834
0.21716781	-45.725536	5.1799316
0.26760903	-45.711941	5.2800293
0.22074039	-45.712093	5.380127
0.24689952	-45.712639	5.4802246
0.29191706	-45.692879	5.5803223
0.24530225	-45.701694	5.6804199
0.27526855	-45.69524	5.7805176
0.27620909	-45.692326	5.8806152
0.2736254	-45.69257	5.9807129
0.27220547	-45.691921	6.0808105
0.27910167	-45.689503	6.1809082
0.27122036	-45.689487	6.2810059
0.32466927	-45.677429	6.3811035
0.30828926	-45.669418	6.4812012
0.27880329	-45.682236	6.5812988
0.36144468	-45.656887	6.6813965
0.2938973	-45.667839	6.7814941
0.32429954	-45.662884	6.8815918
0.32242918	-45.661022	6.9816895
0.32403097	-45.659988	7.0817871
0.32204258	-45.660782	7.1818848
0.31727201	-45.660152	7.2819824
0.38554427	-45.645424	7.3820801
0.32050192	-45.648453	7.4821777
0.36620039	-45.644939	7.5822754
0.38418087	-45.632969	7.682373
0.34911045	-45.639709	7.7824707
0.37030897	-45.634212	7.8825684
0.36541417	-45.63485	7.982666
0.37414107	-45.630295	8.0827637
0.3408092	-45.636734	8.1828613
0.35921952	-45.633221	8.282959
0.43779662	-45.615345	8.3830566
0.33199939	-45.630196	8.4831543
0.45690444	-45.608288	8.583252
0.39837912	-45.610916	8.6833496
0.4277654	-45.608803	8.7834473
0.41947269	-45.605968	8.8835449
0.40844455	-45.607689	8.9836426
0.4255923	-45.604351	9.0837402
0.40943557	-45.606747	9.1838379
0.42002606	-45.604786	9.2839355
0.46866435	-45.594952	9.3840332
0.41372642	-45.597538	9.4841309
0.48775828	-45.588005	9.5842285
0.46450293	-45.585091	9.6843262
0.47747892	-45.584297	9.7844238
0.47516069	-45.581669	9.8845215
0.45539817	-45.584618	9.9846191
0.4781774	-45.579292	10.084717
0.46548527	-45.580723	10.184814
0.47486508	-45.578197	10.284912
0.51444745	-45.570915	10.38501
0.4839187	-45.567146	10.485107
0.50560898	-45.568428	10.585205
0.51896453	-45.558743	10.685303
0.5209415	-45.558144	10.7854
0.50972617	-45.558262	10.885498
0.51502681	-45.557159	10.985596
0.50388765	-45.556232	11.085693
0.52511156	-45.553947	11.185791
0.51237249	-45.553757	11.285889
0.59474981	-45.537689	11.385986
0.4863297	-45.550285	11.486084
0.61359632	-45.529858	11.586182
0.51649737	-45.539398	11.686279
0.60404772	-45.528091	11.786377
0.55810934	-45.530403	11.886475
0.58402246	-45.527664	11.986572
0.55424523	-45.529976	12.08667
0.59099263	-45.523312	12.186768
0.56738865	-45.526093	12.286865
0.57804209	-45.524139	12.386963
0.58556205	-45.521	12.487061
0.62851757	-45.514889	12.587158
0.59207875	-45.512756	12.687256
0.63438636	-45.509312	12.787354
0.62265706	-45.5042	12.887451
0.61835068	-45.506119	12.987549
0.61522335	-45.504173	13.087646
0.63367897	-45.501652	13.187744
0.62030804	-45.503143	13.287842
0.62259358	-45.501282	13.387939
0.66565645	-45.495731	13.488037
0.62098539	-45.493282	13.588135
0.68829823	-45.487698	13.688232
0.65580815	-45.485302	13.78833
0.68212706	-45.481876	13.888428
0.64314616	-45.484642	13.988525
0.68264216	-45.480209	14.088623
0.64851195	-45.482738	14.188721
0.66042411	-45.481064	14.288818
0.67421979	-45.478203	14.388916
0.71002865	-45.468033	14.489014
0.69609737	-45.469913	14.589111
0.70406002	-45.46487	14.689209
0.69675332	-45.466148	14.789307
0.71824718	-45.461338	14.889404
0.67910475	-45.465778	14.989502
0.71512431	-45.46069	15.0896
0.69182128	-45.462639	15.189697
0.77639103	-45.449139	15.289795
0.69840312	-45.456989	15.389893
0.80109239	-45.438984	15.48999
0.70464969	-45.45129	15.590088
0.80299354	-45.435093	15.690186
0.76470923	-45.438881	15.790283
0.7779724	-45.434521	15.890381
0.77772605	-45.435387	15.990479
0.77593732	-45.433704	16.090576
0.77501947	-45.434265	16.190674
0.76817536	-45.432644	16.290771
0.78299868	-45.430176	16.390869
0.77310777	-45.430412	16.490967
0.83375156	-45.422077	16.591064
0.75058496	-45.427521	16.691162
0.86259443	-45.412979	16.79126
0.80279911	-45.417889	16.891357
0.83526653	-45.413033	16.991455
0.81066597	-45.414665	17.091553
0.82225049	-45.411491	17.19165
0.81174988	-45.411602	17.291748
0.8303104	-45.407795	17.391846
0.80979961	-45.409344	17.491943
0.82927608	-45.405586	17.592041
0.80546105	-45.408577	17.692139
0.89996266	-45.39415	17.792236
0.80682814	-45.403297	17.892334
0.88302338	-45.391132	17.992432
0.87405992	-45.392311	18.092529
0.8731795	-45.390022	18.192627
0.88000607	-45.388447	18.292725
0.86963069	-45.388763	18.392822
0.89626896	-45.384518	18.49292
0.8594256	-45.387615	18.593018
0.95772344	-45.375282	18.693115
0.84012824	-45.384697	18.793213
0.96590316	-45.36718	18.893311
0.92736644	-45.371487	18.993408
0.9457233	-45.367397	19.093506
0.92255992	-45.368607	19.193604
0.93511593	-45.366318	19.293701
0.9168089	-45.368408	19.393799
0.91469079	-45.367561	19.493896
0.9543696	-45.362286	19.593994
0.89647579	-45.362816	19.694092
1.0169783	-45.350594	19.794189
0.93450421	-45.356007	19.894287
0.98300362	-45.349243	19.994385
0.94918346	-45.351734	20.094482
0.9622575	-45.348885	20.19458
0.94989818	-45.350147	20.294678
0.95922345	-45.347607	20.394775
0.95643735	-45.347778	20.494873
0.99889386	-45.341679	20.594971
0.95037532	-45.343342	20.695068
1.0291198	-45.333534	20.795166
1.003098	-45.334469	20.895264
1.0081849	-45.331787	20.995361
1.0133634	-45.33147	21.095459
1.0121802	-45.329494	21.195557
1.0280291	-45.326248	21.295654
1.036662	-45.324337	21.395752
1.0214722	-45.324974	21.49585
1.0150331	-45.323956	21.595947
1.0969726	-45.314438	21.696045
1.0303919	-45.319469	21.796143
1.0950041	-45.308361	21.89624
1.1035771	-45.308453	21.996338
1.0630171	-45.308636	22.096436
1.1020426	-45.305061	22.196533
1.0948057	-45.305061	22.296631
1.0951077	-45.301861	22.396729
1.0939389	-45.301998	22.496826
1.084996	-45.302174	22.596924
1.0835835	-45.301826	22.697021
1.0635831	-45.302406	22.797119
1.162244	-45.290768	22.897217
1.0583005	-45.29985	22.997314
1.1337285	-45.287712	23.097412
1.1403557	-45.287613	23.19751
1.095809	-45.288769	23.297607
1.1365316	-45.284859	23.397705
1.1046364	-45.287186	23.497803
1.1027337	-45.284863	23.5979
1.1250715	-45.281662	23.697998
1.1071774	-45.283348	23.798096
1.0952516	-45.28286	23.898193
1.1237597	-45.279129	23.998291
1.0948235	-45.282093	24.098389
1.1958423	-45.26696	24.198486
1.1681639	-45.26902	24.298584
1.1639462	-45.267094	24.398682
1.1933106	-45.263897	24.498779
1.179463	-45.264137	24.598877
1.1786225	-45.262341	24.698975
1.1944087	-45.259823	24.799072
1.2490836	-45.254101	24.89917
1.1757473	-45.25803	24.999268
1.2502563	-45.249287	25.099365
1.2538337	-45.247749	25.199463
1.22057	-45.249908	25.299561
1.2350804	-45.247116	25.399658
1.2406784	-45.245213	25.499756
1.2192039	-45.246265	25.599854
1.2420213	-45.243481	25.699951
1.2770598	-45.238865	25.800049
1.1937288	-45.242382	25.900146
1.3121142	-45.231319	26.000244
1.2457985	-45.234661	26.100342
1.2811135	-45.230122	26.200439
1.2786807	-45.229996	26.300537
1.2437212	-45.231094	26.400635
1.2591714	-45.227619	26.500732
1.2617965	-45.228172	26.60083
1.236748	-45.228275	26.700928
1.2785157	-45.223557	26.801025
1.3275526	-45.216988	26.901123
1.2275521	-45.224091	27.001221
1.3345776	-45.211349	27.101318
1.2967782	-45.212997	27.201416
1.3240621	-45.209599	27.301514
1.3347358	-45.208385	27.401611
1.3202982	-45.208187	27.501709
1.3189242	-45.206272	27.601807
1.3225958	-45.205235	27.701904
1.3386592	-45.20306	27.802002
1.4137235	-45.193485	27.9021
1.3601192	-45.197914	28.002197
1.3682673	-45.193092	28.102295
1.4239104	-45.188244	28.202393
1.3837289	-45.189533	28.30249
1.3947545	-45.187317	28.402588
1.3921601	-45.18615	28.502686
1.4033868	-45.18433	28.602783
1.3916032	-45.184681	28.702881
1.3722399	-45.184734	28.802979
1.3688378	-45.184059	28.903076
1.4626027	-45.17519	29.003174
1.3186927	-45.184399	29.103271
1.4460262	-45.1703	29.203369
1.4197055	-45.172848	29.303467
1.3717213	-45.174561	29.403564
1.407889	-45.170753	29.503662
1.3822154	-45.17181	29.60376
1.3947142	-45.169228	29.703857
1.4120851	-45.166382	29.803955
1.4030619	-45.162727	29.904053
1.5240368	-45.153107	30.00415
1.3581291	-45.164398	30.104248
1.4812715	-45.149071	30.204346
1.5026367	-45.148258	30.304443
1.4432141	-45.151066	30.404541
1.4880459	-45.146172	30.504639
1.4811429	-45.145966	30.604736
1.4813645	-45.144798	30.704834
1.4884821	-45.142452	30.804932
1.5072271	-45.14093	30.905029
1.506368	-45.139393	31.005127
1.475345	-45.138618	31.105225
1.6072046	-45.126965	31.205322
1.5266837	-45.132652	31.30542
1.5562634	-45.12611	31.405518
1.587852	-45.123043	31.505615
1.5521035	-45.123608	31.605713
1.5490139	-45.122463	31.705811
1.5648261	-45.120831	31.805908
1.5185736	-45.123024	31.906006
1.505977	-45.121891	32.006104
1.5333949	-45.118187	32.106201
1.4923351	-45.121254	32.206299
1.5090404	-45.114662	32.306396
1.6255985	-45.105591	32.406494
1.4969339	-45.114033	32.506592
1.5733316	-45.103657	32.606689
1.5656644	-45.104191	32.706787
1.5474249	-45.10421	32.806885
1.5706018	-45.100601	32.906982
1.5690975	-45.099751	33.00708
1.579074	-45.09737	33.107178
1.5740333	-45.096096	33.207275
1.670279	-45.085621	33.307373
1.6741685	-45.084553	33.407471
1.6034408	-45.086552	33.507568
1.6867919	-45.078964	33.607666
1.6586642	-45.080021	33.707764
1.6784307	-45.076454	33.807861
1.6709983	-45.075897	33.907959
1.6767906	-45.073845	34.008057
1.6575956	-45.074066	34.108154
1.6532837	-45.073452	34.208252
1.6845068	-45.071091	34.30835
1.5950824	-45.074612	34.408447
1.7166212	-45.061825	34.508545
1.6983024	-45.062172	34.608643
1.6665982	-45.062496	34.70874
1.6864735	-45.059338	34.808838
1.6638017	-45.058846	34.908936
1.6497778	-45.057564	35.009033
1.6764857	-45.054924	35.109131
1.6621952	-45.053776	35.209229
1.6293041	-45.051857	35.309326
1.749851	-45.039822	35.409424
1.7062032	-45.040451	35.509521
1.6572082	-45.040943	35.609619
1.7141612	-45.034519	35.709717
1.7192628	-45.031845	35.809814
1.7095118	-45.030254	35.909912
1.7120928	-45.026546	36.01001
1.7346216	-45.023239	36.110107
1.7331374	-45.019836	36.210205