MTS793|MPT|ENU|1|2|.|/|:|1|0|0|A

Data Acquisition						Time:	17.393799	Sec	6/8/2017 4:23:58 PM
Axial Force	Axial Displacement	Time
N	mm	Sec
0.13572522	-47.95438	2.4592285
0.055591505	-47.964695	2.5593262
0.11512797	-47.957935	2.6594238
0.16133204	-47.936131	2.7595215
0.10309612	-47.948395	2.8596191
0.16294324	-47.935398	2.9597168
0.11861046	-47.93959	3.0598145
0.11314262	-47.946751	3.1599121
0.16300565	-47.933037	3.2600098
0.12835768	-47.937923	3.3601074
0.13575035	-47.937504	3.4602051
0.13076483	-47.937073	3.5603027
0.13033207	-47.937355	3.6604004
0.19490981	-47.923283	3.760498
0.13383365	-47.926193	3.8605957
0.19016531	-47.920612	3.9606934
0.19231479	-47.911854	4.060791
0.17667978	-47.915154	4.1608887
0.18162721	-47.911472	4.2609863
0.19528601	-47.909801	4.361084
0.19309831	-47.907288	4.4611816
0.17639303	-47.910915	4.5612793
0.19279943	-47.905781	4.661377
0.17481531	-47.909687	4.7614746
0.20239069	-47.903408	4.8615723
0.18293276	-47.905365	4.9616699
0.1851687	-47.904778	5.0617676
0.26219967	-47.890526	5.1618652
0.16979733	-47.900444	5.2619629
0.29325724	-47.880276	5.3620605
0.19521427	-47.889801	5.4621582
0.28794789	-47.87878	5.5622559
0.25387487	-47.878567	5.6623535
0.26726961	-47.877785	5.7624512
0.24966975	-47.878513	5.8625488
0.26849276	-47.875439	5.9626465
0.26362637	-47.875015	6.0627441
0.27585068	-47.873638	6.1628418
0.26011053	-47.873974	6.2629395
0.30271927	-47.868778	6.3630371
0.27531391	-47.865982	6.4631348
0.33824426	-47.859062	6.5632324
0.32796481	-47.854771	6.6633301
0.30772111	-47.858788	6.7634277
0.32478857	-47.852127	6.8635254
0.30545938	-47.856213	6.963623
0.32105649	-47.852001	7.0637207
0.30592945	-47.853947	7.1638184
0.31884581	-47.850334	7.263916
0.30028191	-47.851963	7.3640137
0.31115755	-47.849895	7.4641113
0.33080095	-47.848003	7.564209
0.37137458	-47.836617	7.6643066
0.34394062	-47.840446	7.7644043
0.36806706	-47.833057	7.864502
0.35630363	-47.834969	7.9645996
0.35722855	-47.83263	8.0646973
0.36715832	-47.831982	8.1647949
0.35267538	-47.83078	8.2648926
0.37781695	-47.828033	8.3649902
0.34999681	-47.830509	8.4650879
0.3727932	-47.827385	8.5651855
0.39850768	-47.825085	8.6652832
0.41418982	-47.814903	8.7653809
0.42639881	-47.815861	8.8654785
0.41703537	-47.81094	8.9655762
0.42408472	-47.811459	9.0656738
0.40962315	-47.810665	9.1657715
0.42208162	-47.809761	9.2658691
0.4306244	-47.808079	9.3659668
0.41887942	-47.808968	9.4660645
0.41890559	-47.807945	9.5661621
0.49673766	-47.794258	9.6662598
0.43539444	-47.802349	9.7663574
0.49279583	-47.790035	9.8664551
0.47534722	-47.792862	9.9665527
0.46991637	-47.790901	10.06665
0.44287333	-47.793713	10.166748
0.45548761	-47.791965	10.266846
0.46560317	-47.791245	10.366943
0.45211527	-47.790813	10.467041
0.45220867	-47.79068	10.567139
0.51905745	-47.778431	10.667236
0.47901031	-47.783226	10.767334
0.49317059	-47.77792	10.867432
0.50319499	-47.777451	10.967529
0.49633038	-47.776527	11.067627
0.49230275	-47.777149	11.167725
0.49183261	-47.775536	11.267822
0.50503492	-47.774014	11.36792
0.55458492	-47.765823	11.468018
0.54343265	-47.766621	11.568115
0.53892195	-47.76181	11.668213
0.57912189	-47.760242	11.768311
0.54870915	-47.758217	11.868408
0.57331175	-47.75555	11.968506
0.56218004	-47.755249	12.068604
0.58360767	-47.752197	12.168701
0.57088941	-47.752148	12.268799
0.56155539	-47.752312	12.368896
0.59344244	-47.748486	12.468994
0.55882758	-47.751305	12.569092
0.59294051	-47.74522	12.669189
0.6484952	-47.738983	12.769287
0.55859035	-47.745159	12.869385
0.67037547	-47.730728	12.969482
0.60282511	-47.738956	13.06958
0.6234113	-47.731956	13.169678
0.6435051	-47.731033	13.269775
0.62771285	-47.730621	13.369873
0.64141756	-47.729076	13.469971
0.61380279	-47.729733	13.570068
0.62631971	-47.728336	13.670166
0.61956161	-47.727592	13.770264
0.61528116	-47.727264	13.870361
0.69250745	-47.718849	13.970459
0.59658051	-47.725754	14.070557
0.68926132	-47.713509	14.170654
0.6647104	-47.716057	14.270752
0.6695379	-47.713398	14.37085
0.65812361	-47.713223	14.470947
0.66774368	-47.711716	14.571045
0.6838153	-47.709778	14.671143
0.67358887	-47.709492	14.77124
0.71283162	-47.705536	14.871338
0.65780604	-47.70668	14.971436
0.76117349	-47.695301	15.071533
0.71502745	-47.698608	15.171631
0.72286004	-47.695419	15.271729
0.73595238	-47.693321	15.371826
0.70132828	-47.696445	15.471924
0.74992454	-47.690212	15.572021
0.72252357	-47.691914	15.672119
0.73291951	-47.690529	15.772217
0.72058535	-47.690174	15.872314
0.74072826	-47.689079	15.972412
0.73790836	-47.684494	16.07251
0.82277131	-47.677238	16.172607
0.74810648	-47.68145	16.272705
0.79382014	-47.675999	16.372803
0.77102727	-47.677162	16.4729
0.77731037	-47.676273	16.572998
0.7956264	-47.673889	16.673096
0.76834416	-47.675423	16.773193
0.77582657	-47.673618	16.873291
0.78926188	-47.67318	16.973389
0.77836037	-47.672668	17.073486
0.78557986	-47.67099	17.173584
0.80007792	-47.671265	17.273682
0.80850291	-47.665775	17.373779
0.83565021	-47.663059	17.473877
0.80712706	-47.664124	17.573975
0.81611758	-47.661938	17.674072
0.79723179	-47.663727	17.77417
0.84897292	-47.654854	17.874268
0.89802015	-47.651112	17.974365
0.78367132	-47.656353	18.074463
0.89299458	-47.645302	18.174561
0.86811751	-47.647087	18.274658
0.86508161	-47.644524	18.374756
0.87275881	-47.643559	18.474854
0.87045455	-47.643631	18.574951
0.85493332	-47.643677	18.675049
0.87620807	-47.641003	18.775146
0.85260141	-47.641827	18.875244
0.88115853	-47.638603	18.975342
0.96064043	-47.631336	19.075439
0.88806856	-47.636181	19.175537
0.93676341	-47.627949	19.275635
0.94664741	-47.627293	19.375732
0.90457231	-47.630287	19.47583
0.93986893	-47.626236	19.575928
0.92584223	-47.626019	19.676025
0.94465637	-47.62487	19.776123
1.0077641	-47.619003	19.876221
0.9436447	-47.622326	19.976318
0.96854174	-47.617599	20.076416
1.0131067	-47.614056	20.176514
0.98494232	-47.614132	20.276611
0.9725858	-47.613667	20.376709
0.99753463	-47.610588	20.476807
0.96483064	-47.613216	20.576904
0.98275787	-47.611027	20.677002
0.95327437	-47.61097	20.7771
0.97952551	-47.607841	20.877197
1.0292214	-47.603779	20.977295
0.92831576	-47.608505	21.077393
1.0282103	-47.597218	21.17749
1.0456001	-47.59663	21.277588
0.93808645	-47.602909	21.377686
1.0333583	-47.593609	21.477783
1.0136608	-47.594208	21.577881
0.98251015	-47.595943	21.677979
1.0138097	-47.592411	21.778076
1.0247818	-47.590439	21.878174
1.014163	-47.590931	21.978271
1.0094817	-47.590092	22.078369
1.0881047	-47.580528	22.178467
1.1166556	-47.578697	22.278564
1.056046	-47.581165	22.378662
1.081724	-47.577122	22.47876
1.1313438	-47.573387	22.578857
1.1019037	-47.574825	22.678955
1.0967063	-47.574162	22.779053
1.1242537	-47.571106	22.87915
1.1209803	-47.571228	22.979248
1.1049541	-47.571255	23.079346
1.1840146	-47.564102	23.179443
1.0954612	-47.568913	23.279541
1.1487652	-47.561996	23.379639
1.168746	-47.560436	23.479736
1.1238872	-47.56234	23.579834
1.1338407	-47.559677	23.679932
1.1383189	-47.559082	23.780029
1.1203803	-47.558994	23.880127
1.117813	-47.558464	23.980225
1.098465	-47.558468	24.080322
1.1267319	-47.555767	24.18042
1.0917916	-47.557812	24.280518
1.1133505	-47.554634	24.380615
1.1233912	-47.550911	24.480713
1.1749182	-47.546379	24.580811
1.1336861	-47.548229	24.680908
1.1542708	-47.544231	24.781006
1.1578324	-47.5443	24.881104
1.1804948	-47.541187	24.981201
1.1759113	-47.540981	25.081299
1.1684093	-47.540852	25.181396
1.212432	-47.535004	25.281494
1.1977139	-47.537224	25.381592
1.2250856	-47.531498	25.481689
1.3244553	-47.52446	25.581787
1.2697858	-47.526798	25.681885
1.2818662	-47.524467	25.781982
1.2860744	-47.524647	25.88208
1.3083787	-47.521748	25.982178
1.28979	-47.522205	26.082275
1.2878152	-47.521397	26.182373
1.2888987	-47.521603	26.282471
1.2765419	-47.521812	26.382568
1.3260547	-47.517193	26.482666
1.2512195	-47.521011	26.582764
1.2925744	-47.515629	26.682861
1.3095196	-47.513748	26.782959
1.2728058	-47.515205	26.883057
1.2816528	-47.514069	26.983154
1.2525314	-47.515472	27.083252
1.2439647	-47.513866	27.18335
1.2587832	-47.512318	27.283447
1.253027	-47.512207	27.383545
1.2377217	-47.510422	27.483643
1.2757608	-47.505985	27.58374
1.3572544	-47.499741	27.683838
1.2297103	-47.507328	27.783936
1.3074878	-47.499237	27.884033
1.3210788	-47.497704	27.984131
1.3357913	-47.496166	28.084229
1.3385841	-47.495346	28.184326
1.3448874	-47.494194	28.284424
1.3538671	-47.492462	28.384521
1.3804348	-47.490021	28.484619
1.3734299	-47.490223	28.584717
1.4346801	-47.482616	28.684814
1.4986743	-47.478863	28.784912
1.4167475	-47.483158	28.88501
1.4253535	-47.481007	28.985107
1.4746749	-47.477726	29.085205
1.4425968	-47.478867	29.185303
1.4306215	-47.479065	29.2854
1.4599891	-47.476452	29.385498
1.4492875	-47.476162	29.485596
1.4112781	-47.477962	29.585693
1.4271377	-47.476231	29.685791
1.4540496	-47.471581	29.785889
1.438772	-47.472385	29.885986
1.4176615	-47.471889	29.986084
1.404685	-47.471867	30.086182
1.4337326	-47.469013	30.186279
1.4010721	-47.469925	30.286377
1.3852029	-47.470497	30.386475
1.3846364	-47.469257	30.486572
1.3873795	-47.468414	30.58667
1.409006	-47.464401	30.686768
1.4835846	-47.458225	30.786865
1.4574881	-47.459373	30.886963
1.4321716	-47.459351	30.987061
1.4503208	-47.457485	31.087158
1.4884299	-47.454567	31.187256
1.5106313	-47.452213	31.287354
1.5105568	-47.451344	31.387451
1.4974335	-47.451534	31.487549
1.5238301	-47.450268	31.587646
1.6232781	-47.442356	31.687744
1.6045216	-47.441845	31.787842
1.578066	-47.441856	31.887939
1.577474	-47.441055	31.988037
1.6087273	-47.438297	32.088135
1.6065198	-47.437435	32.188232
1.5758587	-47.438229	32.28833
1.5832264	-47.436932	32.388428
1.5904216	-47.436485	32.488525
1.6431388	-47.432682	32.588623
1.5969188	-47.434326	32.688721
1.5511502	-47.433826	32.788818
1.6117934	-47.428886	32.888916
1.6109815	-47.429592	32.989014
1.572065	-47.430771	33.089111
1.5312026	-47.431351	33.189209
1.5467633	-47.429012	33.289307
1.5575722	-47.427799	33.389404
1.5417372	-47.428085	33.489502
1.5486125	-47.426003	33.5896
1.5299524	-47.426014	33.689697
1.5369531	-47.42268	33.789795
1.6377378	-47.415726	33.889893
1.6409932	-47.415234	33.98999
1.6111068	-47.415932	34.090088
1.6079727	-47.414829	34.190186
1.617161	-47.413456	34.290283
1.6341662	-47.411682	34.390381
1.6598577	-47.409264	34.490479
1.6898824	-47.406551	34.590576
1.6989737	-47.406109	34.690674
1.715158	-47.4039	34.790771
1.7299767	-47.402275	34.890869
1.7821127	-47.398815	34.990967
1.801501	-47.396412	35.091064
1.7510574	-47.398899	35.191162
1.7450165	-47.396942	35.29126
1.7903047	-47.39362	35.391357
1.7878306	-47.393608	35.491455
1.7650797	-47.393211	35.591553
1.7366086	-47.394688	35.69165
1.7500886	-47.393318	35.791748
1.701762	-47.395168	35.891846
1.7143636	-47.393337	35.991943
1.6811802	-47.392673	36.092041
1.7281872	-47.38871	36.192139
1.7462374	-47.386879	36.292236
1.7368692	-47.386654	36.392334
1.7089878	-47.38784	36.492432
1.7119612	-47.386131	36.592529
1.6701003	-47.388134	36.692627
1.6786543	-47.386658	36.792725
1.7009695	-47.384357	36.892822
1.7551154	-47.379223	36.99292
1.7991039	-47.376728	37.093018
1.769875	-47.376331	37.193115
1.7614377	-47.375877	37.293213
1.75949	-47.374496	37.393311
1.8105538	-47.370914	37.493408
1.8083163	-47.371216	37.593506
1.8131407	-47.369812	37.693604
1.8401178	-47.367592	37.793701
1.8912148	-47.364403	37.893799
1.9291812	-47.361378	37.993896
1.9193288	-47.360279	38.093994
1.9086152	-47.360146	38.194092
1.8972417	-47.36018	38.294189
1.91131	-47.358788	38.394287
1.9070805	-47.358543	38.494385
1.8819859	-47.358662	38.594482
1.8837863	-47.358028	38.69458
1.8734154	-47.358089	38.794678
1.8379804	-47.359097	38.894775
1.8250732	-47.358864	38.994873
1.8915346	-47.355518	39.094971
1.8744853	-47.353851	39.195068
1.8506538	-47.354465	39.295166
1.8288124	-47.353535	39.395264
1.8358781	-47.352161	39.495361
1.8313358	-47.352207	39.595459
1.7735678	-47.35218	39.695557
1.8629198	-47.345062	39.795654
1.9273076	-47.341236	39.895752
1.8878491	-47.342548	39.99585
1.8783336	-47.341297	40.095947
1.9004754	-47.338715	40.196045
1.9260137	-47.336678	40.296143
1.9427179	-47.334694	40.39624
1.9315412	-47.334938	40.496338
1.9688184	-47.332752	40.596436
1.9845271	-47.330894	40.696533
2.0361989	-47.326504	40.796631
2.0890248	-47.322502	40.896729
2.0939009	-47.321915	40.996826
2.0519259	-47.323021	41.096924
2.0144916	-47.323967	41.197021
2.0142782	-47.318939	41.297119
2.0807357	-47.313774	41.397217
2.0505066	-47.31562	41.497314
2.0447049	-47.314911	41.597412
2.0359514	-47.315277	41.69751
2.0889781	-47.311886	41.797607
2.0472996	-47.311924	41.897705
2.0149078	-47.31171	41.997803
2.0391855	-47.309387	42.0979
2.0486069	-47.308075	42.197998
2.019583	-47.308838	42.298096
1.9960494	-47.308235	42.398193
1.9844917	-47.307777	42.498291
2.0076864	-47.305817	42.598389
2.0132306	-47.305698	42.698486
1.9903986	-47.305035	42.798584
2.0160708	-47.302227	42.898682
2.0751162	-47.297497	42.998779
2.0606577	-47.297676	43.098877
2.1271718	-47.28067	43.198975