MTS793|MPT|ENU|1|2|.|/|:|1|0|0|A

Data Acquisition						Time:	38.171387	Sec	6/8/2017 5:48:26 PM
Axial Force	Axial Displacement	Time
N	mm	Sec
0.11039203	-48.975945	1.7900391
0.069187619	-48.98056	1.8901367
0.098779336	-48.976582	1.9902344
0.084537633	-48.976891	2.090332
0.084985703	-48.977119	2.1904297
0.083796911	-48.976418	2.2905273
0.074531168	-48.977932	2.390625
0.08169765	-48.975903	2.4907227
0.067373782	-48.977654	2.5908203
0.1424312	-48.962521	2.690918
0.063413978	-48.972607	2.7910156
0.15452525	-48.955898	2.8911133
0.082506247	-48.961575	2.9912109
0.13326092	-48.95723	3.0913086
0.12844579	-48.951195	3.1914063
0.12552655	-48.952957	3.2915039
0.13648507	-48.948315	3.3916016
0.13400346	-48.948517	3.4916992
0.13392586	-48.947311	3.5917969
0.13384968	-48.947018	3.6918945
0.14560461	-48.944569	3.7919922
0.13226095	-48.946568	3.8920898
0.20729177	-48.933193	3.9921875
0.1464645	-48.936321	4.0922852
0.19736287	-48.933418	4.1923828
0.21397345	-48.92371	4.2924805
0.20636062	-48.925621	4.3925781
0.22023718	-48.922634	4.4926758
0.21738502	-48.921822	4.5927734
0.21701109	-48.921135	4.6928711
0.21208803	-48.920532	4.7929688
0.21410055	-48.920788	4.8930664
0.2281533	-48.918842	4.9931641
0.22366136	-48.917339	5.0932617
0.20650351	-48.920086	5.1933594
0.26186588	-48.911045	5.293457
0.21462087	-48.91312	5.3935547
0.26699042	-48.904713	5.4936523
0.24420762	-48.90556	5.59375
0.25406414	-48.903439	5.6938477
0.25574043	-48.90136	5.7939453
0.23353881	-48.90411	5.894043
0.26264203	-48.898705	5.9941406
0.23590456	-48.901859	6.0942383
0.24557196	-48.900105	6.1943359
0.2627503	-48.896538	6.2944336
0.24485017	-48.897312	6.3945313
0.2645838	-48.894478	6.4946289
0.23919082	-48.897579	6.5947266
0.27210227	-48.89241	6.6948242
0.29612976	-48.888832	6.7949219
0.35180482	-48.873066	6.8950195
0.29465881	-48.881756	6.9951172
0.35652205	-48.868404	7.0952148
0.32049981	-48.872482	7.1953125
0.33981103	-48.86982	7.2954102
0.34015816	-48.86845	7.3955078
0.33618358	-48.86948	7.4956055
0.34171817	-48.867527	7.5957031
0.33574134	-48.867558	7.6958008
0.41345558	-48.854622	7.7958984
0.3353866	-48.861126	7.8959961
0.41315451	-48.850029	7.9960938
0.37681332	-48.853195	8.0961914
0.40124643	-48.847984	8.1962891
0.38683417	-48.84866	8.2963867
0.39761016	-48.84655	8.3964844
0.38754079	-48.846249	8.496582
0.38342592	-48.845623	8.5966797
0.38360119	-48.84531	8.6967773
0.38680151	-48.844135	8.796875
0.40439895	-48.839764	8.8969727
0.38768882	-48.840984	8.9970703
0.38831758	-48.839569	9.097168
0.42989162	-48.835094	9.1972656
0.39338478	-48.833672	9.2973633
0.4686645	-48.825592	9.3974609
0.4355619	-48.823906	9.4975586
0.47032279	-48.82061	9.5976563
0.43977562	-48.82198	9.6977539
0.46639016	-48.818424	9.7978516
0.45912543	-48.817661	9.8979492
0.46853769	-48.816032	9.9980469
0.45901722	-48.816227	10.098145
0.48260528	-48.812683	10.198242
0.47700503	-48.812572	10.29834
0.45146275	-48.814373	10.398438
0.54020518	-48.80389	10.498535
0.46528468	-48.804428	10.598633
0.55970699	-48.796314	10.69873
0.46758404	-48.800148	10.798828
0.56946683	-48.789787	10.898926
0.47832614	-48.797371	10.999023
0.55072457	-48.788139	11.099121
0.52027619	-48.79121	11.199219
0.51391041	-48.790138	11.299316
0.54095936	-48.787811	11.399414
0.51502013	-48.788528	11.499512
0.52315158	-48.788013	11.599609
0.50825477	-48.788387	11.699707
0.526039	-48.785496	11.799805
0.58013576	-48.77599	11.899902
0.56895566	-48.776276	12
0.56347913	-48.775883	12.100098
0.57046068	-48.774334	12.200195
0.5864538	-48.77153	12.300293
0.56251311	-48.772861	12.400391
0.59873217	-48.767563	12.500488
0.5889377	-48.767075	12.600586
0.58227891	-48.76709	12.700684
0.59597194	-48.7658	12.800781
0.58246076	-48.765953	12.900879
0.65606904	-48.755707	13.000977
0.56416422	-48.762394	13.101074
0.67392534	-48.74892	13.201172
0.63436061	-48.751774	13.30127
0.63777733	-48.75034	13.401367
0.65073311	-48.74675	13.501465
0.64644474	-48.746834	13.601563
0.64678138	-48.745388	13.70166
0.64752328	-48.744308	13.801758
0.63404471	-48.744164	13.901855
0.64784557	-48.742638	14.001953
0.65108997	-48.740353	14.102051
0.6486218	-48.740768	14.202148
0.64999592	-48.740219	14.302246
0.70918691	-48.730278	14.402344
0.70288116	-48.731014	14.502441
0.68418324	-48.728672	14.602539
0.69610971	-48.72744	14.702637
0.68924361	-48.727734	14.802734
0.71449113	-48.722401	14.902832
0.71451092	-48.721584	15.00293
0.70462376	-48.722431	15.103027
0.70403475	-48.720596	15.203125
0.70637	-48.720905	15.303223
0.69275177	-48.721432	15.40332
0.77899361	-48.708298	15.503418
0.72836465	-48.715038	15.603516
0.73096257	-48.70863	15.703613
0.77294934	-48.704842	15.803711
0.74621183	-48.706211	15.903809
0.763731	-48.703571	16.003906
0.74102134	-48.704388	16.104004
0.76506311	-48.701775	16.204102
0.74804562	-48.703156	16.304199
0.76554692	-48.700447	16.404297
0.82984406	-48.692402	16.504395
0.74249977	-48.698151	16.604492
0.82857418	-48.685246	16.70459
0.83140171	-48.68721	16.804688
0.7468307	-48.689728	16.904785
0.86342943	-48.67939	17.004883
0.78673387	-48.684856	17.10498
0.80595934	-48.682014	17.205078
0.83041483	-48.679703	17.305176
0.81640196	-48.680443	17.405273
0.81624216	-48.679241	17.505371
0.81498057	-48.679699	17.605469
0.88884389	-48.671661	17.705566
0.82718104	-48.675777	17.805664
0.86886549	-48.668781	17.905762
0.8763749	-48.668297	18.005859
0.86329383	-48.667854	18.105957
0.88112766	-48.665119	18.206055
0.87100393	-48.664734	18.306152
0.86611176	-48.664688	18.40625
0.87223488	-48.663277	18.506348
0.92141384	-48.65839	18.606445
0.83791465	-48.661495	18.706543
0.94562608	-48.650185	18.806641
0.91986376	-48.653896	18.906738
0.89612263	-48.65081	19.006836
0.92329842	-48.6478	19.106934
0.92777908	-48.646259	19.207031
0.91152209	-48.646816	19.307129
0.92459261	-48.644627	19.407227
0.90719199	-48.644588	19.507324
0.89673179	-48.645191	19.607422
0.91172272	-48.642445	19.70752
0.91882604	-48.642021	19.807617
0.8957178	-48.643017	19.907715
1.0004014	-48.63229	20.007813
0.92546946	-48.638088	20.10791
0.95355266	-48.630611	20.208008
1.00372	-48.627434	20.308105
0.97158712	-48.628624	20.408203
0.98307443	-48.626331	20.508301
0.98762929	-48.624989	20.608398
1.0084381	-48.622952	20.708496
0.99461609	-48.62294	20.808594
0.99246007	-48.621872	20.908691
0.97990185	-48.621613	21.008789
1.0112381	-48.620052	21.108887
1.0502118	-48.614677	21.208984
1.0318971	-48.614162	21.309082
1.0428628	-48.612366	21.40918
1.033187	-48.611992	21.509277
1.0339237	-48.6106	21.609375
1.0556508	-48.607143	21.709473
1.0337538	-48.608059	21.80957
1.0522864	-48.605515	21.909668
1.0477475	-48.604652	22.009766
1.0374302	-48.60474	22.109863
1.039531	-48.603241	22.209961
1.0849137	-48.599342	22.310059
1.0089	-48.601215	22.410156
1.1222636	-48.590988	22.510254
1.0578024	-48.595707	22.610352
1.0760772	-48.591053	22.710449
1.1015973	-48.588112	22.810547
1.0979655	-48.587902	22.910645
1.0780418	-48.58778	23.010742
1.1080912	-48.585346	23.11084
1.0759656	-48.586067	23.210938
1.097002	-48.584167	23.311035
1.0971837	-48.583481	23.411133
1.1577883	-48.577946	23.51123
1.1058085	-48.580414	23.611328
1.1615521	-48.574406	23.711426
1.1390536	-48.574711	23.811523
1.1662521	-48.571796	23.911621
1.1685363	-48.570621	24.011719
1.1654402	-48.569763	24.111816
1.1711003	-48.569252	24.211914
1.1349837	-48.569748	24.312012
1.1776147	-48.565971	24.412109
1.1816386	-48.565228	24.512207
1.13221	-48.565437	24.612305
1.2270073	-48.557301	24.712402
1.2111456	-48.558815	24.8125
1.1997076	-48.556572	24.912598
1.2285862	-48.553444	25.012695
1.2032578	-48.554626	25.112793
1.1951147	-48.553406	25.212891
1.1962686	-48.552914	25.312988
1.190396	-48.552383	25.413086
1.1873699	-48.551514	25.513184
1.1852051	-48.551052	25.613281
1.2015221	-48.548508	25.713379
1.2361588	-48.543839	25.813477
1.2751952	-48.539619	25.913574
1.2022524	-48.542805	26.013672
1.2599422	-48.536358	26.11377
1.2861228	-48.533733	26.213867
1.2142215	-48.537045	26.313965
1.3020791	-48.530075	26.414063
1.2954565	-48.529613	26.51416
1.269348	-48.530014	26.614258
1.2861139	-48.52803	26.714355
1.3138304	-48.525543	26.814453
1.3001735	-48.526226	26.914551
1.3003986	-48.525509	27.014648
1.3562802	-48.520687	27.114746
1.327736	-48.520733	27.214844
1.3069412	-48.519737	27.314941
1.3547105	-48.516148	27.415039
1.3142173	-48.517651	27.515137
1.3495539	-48.515427	27.615234
1.3369178	-48.514751	27.715332
1.322976	-48.514881	27.81543
1.3216718	-48.514717	27.915527
1.3204602	-48.513332	28.015625
1.2843207	-48.513115	28.115723
1.3690989	-48.505745	28.21582
1.3674182	-48.505192	28.315918
1.3250533	-48.506878	28.416016
1.3316628	-48.505722	28.516113
1.3508464	-48.503334	28.616211
1.3439209	-48.502659	28.716309
1.3484433	-48.501862	28.816406
1.3248047	-48.5023	28.916504
1.4261458	-48.493546	29.016602
1.4367336	-48.491776	29.116699
1.3582135	-48.495155	29.216797
1.4199342	-48.490349	29.316895
1.419121	-48.48801	29.416992
1.4417877	-48.485699	29.51709
1.4378679	-48.485188	29.617188
1.4434563	-48.483147	29.717285
1.4519055	-48.482101	29.817383
1.4342865	-48.482712	29.91748
1.4908386	-48.477768	30.017578
1.4844041	-48.475952	30.117676
1.4957937	-48.47427	30.217773
1.4947343	-48.472782	30.317871
1.4963101	-48.471584	30.417969
1.5017273	-48.46999	30.518066
1.4855152	-48.46933	30.618164
1.4695691	-48.470825	30.718262
1.4960622	-48.467819	30.818359
1.4537723	-48.469936	30.918457
1.4499269	-48.468464	31.018555
1.4450235	-48.468639	31.118652
1.4615774	-48.466488	31.21875
1.4360415	-48.467262	31.318848
1.4372188	-48.465485	31.418945
1.5125699	-48.458515	31.519043
1.4668612	-48.459904	31.619141
1.4631906	-48.457829	31.719238
1.4889834	-48.45517	31.819336
1.4985747	-48.453896	31.919434
1.5210108	-48.451744	32.019531
1.5206209	-48.450859	32.119629
1.5076933	-48.449516	32.219727
1.6143684	-48.440834	32.319824
1.6215627	-48.439995	32.419922
1.5724164	-48.442066	32.52002
1.5985521	-48.438206	32.620117
1.6317359	-48.43581	32.720215
1.6283864	-48.434959	32.820313
1.6289771	-48.433945	32.92041
1.6418719	-48.432968	33.020508
1.6372981	-48.432129	33.120605
1.6235623	-48.432735	33.220703
1.6212455	-48.431164	33.320801
1.6800525	-48.427807	33.420898
1.5822024	-48.430664	33.520996
1.607069	-48.427223	33.621094
1.6487064	-48.423939	33.721191
1.630487	-48.424133	33.821289
1.6108223	-48.424225	33.921387
1.6349667	-48.422131	34.021484
1.6001556	-48.422733	34.121582
1.5991445	-48.422047	34.22168
1.628594	-48.417065	34.321777
1.5937871	-48.417664	34.421875
1.5996269	-48.415314	34.521973
1.6511055	-48.41061	34.62207
1.6018865	-48.412941	34.722168
1.6456476	-48.407227	34.822266
1.6925557	-48.404922	34.922363
1.6489207	-48.406002	35.022461
1.6606179	-48.403828	35.122559
1.7085052	-48.39975	35.222656
1.7041063	-48.400047	35.322754
1.7252735	-48.396603	35.422852
1.7334282	-48.395096	35.522949
1.7410661	-48.393871	35.623047
1.8119856	-48.388683	35.723145
1.827217	-48.38707	35.823242
1.7834054	-48.387688	35.92334
1.7905408	-48.385719	36.023438
1.8501333	-48.380985	36.123535
1.8189995	-48.382504	36.223633
1.7937226	-48.382519	36.32373
1.8043673	-48.380863	36.423828
1.7893819	-48.381443	36.523926