MTS793|MPT|ENU|1|2|.|/|:|1|0|0|A

Data Acquisition						Time:	53.085938	Sec	6/8/2017 5:38:12 PM
Axial Force	Axial Displacement	Time
N	mm	Sec
0.10079243	-47.942261	1.5036621
0.041260161	-47.956558	1.6037598
0.10879737	-47.941257	1.7038574
0.074935205	-47.94611	1.8039551
0.10316891	-47.94043	1.9040527
0.081606828	-47.944439	2.0041504
0.083005168	-47.943714	2.104248
0.11107992	-47.939842	2.2043457
0.14078	-47.927517	2.3044434
0.091350056	-47.941181	2.404541
0.18342914	-47.919563	2.5046387
0.13320367	-47.927132	2.6047363
0.15077004	-47.922703	2.704834
0.14831629	-47.924114	2.8049316
0.16244791	-47.921196	2.9050293
0.13438401	-47.92445	3.005127
0.14861742	-47.923752	3.1052246
0.14617914	-47.923546	3.2053223
0.14953031	-47.923027	3.3054199
0.20541744	-47.911388	3.4055176
0.15144697	-47.919125	3.5056152
0.21435399	-47.907455	3.6057129
0.163369	-47.913631	3.7058105
0.21089335	-47.906349	3.8059082
0.16732787	-47.911232	3.9060059
0.19715543	-47.90699	4.0061035
0.18986638	-47.90691	4.1062012
0.18624073	-47.906773	4.2062988
0.17813955	-47.907089	4.3063965
0.23176236	-47.901054	4.4064941
0.20351851	-47.898151	4.5065918
0.23929162	-47.895744	4.6066895
0.22257893	-47.893818	4.7067871
0.22897255	-47.893703	4.8068848
0.23170915	-47.893707	4.9069824
0.22341931	-47.893326	5.0070801
0.23284301	-47.892704	5.1071777
0.24666582	-47.890251	5.2072754
0.29806855	-47.87759	5.307373
0.25142238	-47.886101	5.4074707
0.31080064	-47.874386	5.5075684
0.27690524	-47.87896	5.607666
0.29455799	-47.875912	5.7077637
0.27461866	-47.877449	5.8078613
0.29263055	-47.875481	5.907959
0.27298561	-47.878361	6.0080566
0.32980427	-47.871891	6.1081543
0.27975282	-47.872002	6.208252
0.37074372	-47.86132	6.3083496
0.29760417	-47.866982	6.4084473
0.34988692	-47.861397	6.5085449
0.32716793	-47.861572	6.6086426
0.33230668	-47.860233	6.7087402
0.32890457	-47.859669	6.8088379
0.3404462	-47.857677	6.9089355
0.31049365	-47.860214	7.0090332
0.33082637	-47.857635	7.1091309
0.31324434	-47.857964	7.2092285
0.36208785	-47.854004	7.3093262
0.33638754	-47.850193	7.4094238
0.39330977	-47.846283	7.5095215
0.35749057	-47.84544	7.6096191
0.37240541	-47.843777	7.7097168
0.37765294	-47.842636	7.8098145
0.39267549	-47.839844	7.9099121
0.37223434	-47.840656	8.0100098
0.40826443	-47.83643	8.1101074
0.37854934	-47.839478	8.2102051
0.39503309	-47.837864	8.3103027
0.42654294	-47.834431	8.4104004
0.45354533	-47.825966	8.510498
0.43750182	-47.830318	8.6105957
0.44521084	-47.825405	8.7106934
0.45888954	-47.824562	8.810791
0.44944492	-47.823277	8.9108887
0.46786562	-47.820831	9.0109863
0.44400561	-47.822639	9.111084
0.44200546	-47.822891	9.2111816
0.44201687	-47.822201	9.3112793
0.50324243	-47.815639	9.411377
0.44214076	-47.817204	9.5114746
0.51524699	-47.808605	9.6115723
0.47783846	-47.811184	9.7116699
0.45922858	-47.811443	9.8117676
0.49785519	-47.807247	9.9118652
0.48073524	-47.807323	10.011963
0.49240166	-47.805592	10.112061
0.47606233	-47.805706	10.212158
0.48593014	-47.804241	10.312256
0.45192039	-47.807636	10.412354
0.54939091	-47.793335	10.512451
0.50854194	-47.798286	10.612549
0.524014	-47.79155	10.712646
0.54318643	-47.790176	10.812744
0.51610053	-47.792343	10.912842
0.55664074	-47.786598	11.012939
0.54708558	-47.787231	11.113037
0.55407101	-47.785309	11.213135
0.54389286	-47.785511	11.313232
0.56203121	-47.782871	11.41333
0.57378042	-47.781479	11.513428
0.55165619	-47.783005	11.613525
0.64006525	-47.770496	11.713623
0.58280706	-47.7775	11.813721
0.61987013	-47.769924	11.913818
0.62500179	-47.770588	12.013916
0.5976581	-47.76992	12.114014
0.62140298	-47.767578	12.214111
0.60900074	-47.767544	12.314209
0.62316132	-47.766479	12.414307
0.58910251	-47.76796	12.514404
0.61353207	-47.764706	12.614502
0.60140646	-47.765766	12.7146
0.62220347	-47.759289	12.814697
0.67441732	-47.75536	12.914795
0.60679555	-47.758698	13.014893
0.63047969	-47.755306	13.11499
0.6320439	-47.755478	13.215088
0.62844384	-47.753349	13.315186
0.62968737	-47.753769	13.415283
0.61763203	-47.753513	13.515381
0.62274629	-47.752415	13.615479
0.68273389	-47.746193	13.715576
0.59826928	-47.749336	13.815674
0.74723488	-47.733444	13.915771
0.63741446	-47.744194	14.015869
0.69653308	-47.735428	14.115967
0.70648766	-47.73428	14.216064
0.71799165	-47.732796	14.316162
0.70145595	-47.733875	14.41626
0.71162283	-47.732014	14.516357
0.71795619	-47.731068	14.616455
0.72777486	-47.730385	14.716553
0.77178025	-47.72245	14.81665
0.79523337	-47.721016	14.916748
0.7534591	-47.721184	15.016846
0.78517509	-47.718246	15.116943
0.75406665	-47.719364	15.217041
0.78495336	-47.715881	15.317139
0.76994121	-47.717041	15.417236
0.74495506	-47.717487	15.517334
0.78903109	-47.712578	15.617432
0.75547272	-47.714527	15.717529
0.75856155	-47.71542	15.817627
0.74644458	-47.712032	15.917725
0.82620388	-47.702721	16.017822
0.75702512	-47.709686	16.11792
0.78895265	-47.701031	16.218018
0.79695714	-47.700405	16.318115
0.77108222	-47.701412	16.418213
0.78175461	-47.700077	16.518311
0.78322613	-47.698524	16.618408
0.76714259	-47.700165	16.718506
0.80265433	-47.695358	16.818604
0.78049773	-47.692596	16.918701
0.87103879	-47.68504	17.018799
0.82176948	-47.686756	17.118896
0.8597129	-47.682384	17.218994
0.86069137	-47.681705	17.319092
0.85784745	-47.680424	17.419189
0.87416267	-47.678612	17.519287
0.88783181	-47.676155	17.619385
0.87204009	-47.67775	17.719482
0.89920849	-47.674545	17.81958
0.8808943	-47.676331	17.919678
0.86868542	-47.675476	18.019775
0.90519357	-47.67252	18.119873
0.87545025	-47.674923	18.219971
0.9130457	-47.670528	18.320068
0.93815136	-47.665104	18.420166
0.9554494	-47.662369	18.520264
0.9323802	-47.663227	18.620361
0.92222345	-47.661892	18.720459
0.91433257	-47.662071	18.820557
0.89035791	-47.663204	18.920654
0.90931827	-47.660633	19.020752
0.88381302	-47.66267	19.12085
0.91335636	-47.655327	19.220947
0.98707432	-47.650204	19.321045
0.86935657	-47.657501	19.421143
0.96294647	-47.647125	19.52124
0.92597008	-47.650078	19.621338
0.94637573	-47.645599	19.721436
0.94903898	-47.645069	19.821533
0.94013101	-47.64497	19.921631
0.93814099	-47.643974	20.021729
0.9366225	-47.64407	20.121826
1.0268521	-47.632736	20.221924
1.0410708	-47.631859	20.322021
0.93983859	-47.637531	20.422119
1.0476785	-47.626179	20.522217
1.0563105	-47.625656	20.622314
1.0132465	-47.627209	20.722412
1.0480198	-47.62339	20.82251
1.0401497	-47.623703	20.922607
1.0387996	-47.622997	21.022705
1.0367792	-47.623024	21.122803
1.0449109	-47.621914	21.2229
1.0517101	-47.61792	21.322998
1.1277684	-47.612328	21.423096
1.0546916	-47.615433	21.523193
1.074356	-47.612915	21.623291
1.0610026	-47.612339	21.723389
1.0656079	-47.610962	21.823486
1.0577458	-47.610989	21.923584
1.0456829	-47.611446	22.023682
1.0383906	-47.611118	22.123779
1.1311191	-47.602795	22.223877
1.0064057	-47.609028	22.323975
1.1234487	-47.597107	22.424072
1.0892994	-47.600212	22.52417
1.0699669	-47.598267	22.624268
1.0898174	-47.596596	22.724365
1.0972691	-47.594471	22.824463
1.0827482	-47.595406	22.924561
1.1111209	-47.592033	23.024658
1.1007003	-47.59251	23.124756
1.1664182	-47.584354	23.224854
1.1805308	-47.583687	23.324951
1.1487087	-47.583733	23.425049
1.1685659	-47.580109	23.525146
1.1819735	-47.578781	23.625244
1.1767905	-47.576862	23.725342
1.192016	-47.575882	23.825439
1.1910529	-47.575191	23.925537
1.1926057	-47.574802	24.025635
1.206254	-47.572563	24.125732
1.1892962	-47.572895	24.22583
1.1866089	-47.572002	24.325928
1.2632753	-47.564816	24.426025
1.209747	-47.56757	24.526123
1.1911451	-47.564529	24.626221
1.2814456	-47.557301	24.726318
1.2459186	-47.559933	24.826416
1.2303863	-47.559227	24.926514
1.2193546	-47.558083	25.026611
1.2276984	-47.55619	25.126709
1.2181965	-47.55756	25.226807
1.2095754	-47.557594	25.326904
1.2193887	-47.555412	25.427002
1.2081068	-47.555382	25.5271
1.256104	-47.549988	25.627197
1.301284	-47.546177	25.727295
1.2400258	-47.548115	25.827393
1.2605019	-47.545567	25.92749
1.2699575	-47.544743	26.027588
1.2641621	-47.543514	26.127686
1.2848278	-47.54171	26.227783
1.273615	-47.540043	26.327881
1.2640251	-47.539574	26.427979
1.3626721	-47.532005	26.528076
1.3222667	-47.534462	26.628174
1.2794673	-47.533951	26.728271
1.3839592	-47.524693	26.828369
1.35629	-47.526463	26.928467
1.299208	-47.528057	27.028564
1.3670995	-47.523453	27.128662
1.3536255	-47.522816	27.22876
1.3319143	-47.523018	27.328857
1.3536212	-47.520233	27.428955
1.3370464	-47.520969	27.529053
1.3393835	-47.519695	27.62915
1.3468344	-47.519974	27.729248
1.4008836	-47.514477	27.829346
1.3233863	-47.518345	27.929443
1.3598942	-47.513	28.029541
1.3998508	-47.510021	28.129639
1.370029	-47.51086	28.229736
1.3898364	-47.508801	28.329834
1.3783984	-47.509167	28.429932
1.381582	-47.507862	28.530029
1.3781291	-47.507149	28.630127
1.3914332	-47.502647	28.730225
1.4884851	-47.495953	28.830322
1.4222693	-47.499615	28.93042
1.419224	-47.496284	29.030518
1.4578346	-47.492474	29.130615
1.4552038	-47.492512	29.230713
1.4518852	-47.49157	29.330811
1.4279001	-47.491848	29.430908
1.4459132	-47.489777	29.531006
1.444468	-47.489323	29.631104
1.4388807	-47.488815	29.731201
1.4427836	-47.488136	29.831299
1.4439492	-47.486778	29.931396
1.390661	-47.487576	30.031494
1.5043465	-47.477791	30.131592
1.4812263	-47.478989	30.231689
1.4615437	-47.479202	30.331787
1.4798608	-47.47686	30.431885
1.4881209	-47.476002	30.531982
1.4755265	-47.47533	30.63208
1.4989702	-47.473347	30.732178
1.4959285	-47.472141	30.832275
1.5430624	-47.468609	30.932373
1.5284808	-47.466522	31.032471
1.5551885	-47.46315	31.132568
1.5503925	-47.462513	31.232666
1.5456423	-47.462227	31.332764
1.5495031	-47.461357	31.432861
1.5583208	-47.460346	31.532959
1.5440284	-47.460796	31.633057
1.5583985	-47.458588	31.733154
1.5554409	-47.458229	31.833252
1.6460705	-47.449898	31.93335
1.6318564	-47.451061	32.033447
1.5735353	-47.450783	32.133545
1.6190088	-47.446453	32.233643
1.5994028	-47.447216	32.33374
1.573175	-47.448116	32.433838
1.5736984	-47.447422	32.533936
1.5789818	-47.445805	32.634033
1.5648556	-47.445648	32.734131
1.5660248	-47.444294	32.834229
1.5830474	-47.442451	32.934326
1.5877727	-47.439617	33.034424
1.6023227	-47.437141	33.134521
1.5942743	-47.436951	33.234619
1.6018142	-47.435081	33.334717
1.6162087	-47.432888	33.434814
1.5946586	-47.432583	33.534912
1.6070822	-47.430977	33.63501
1.6145664	-47.42976	33.735107
1.6400508	-47.427299	33.835205
1.7012199	-47.421883	33.935303
1.7039956	-47.421066	34.0354
1.6862525	-47.421619	34.135498
1.6904509	-47.419827	34.235596
1.7198882	-47.417534	34.335693
1.7318796	-47.415398	34.435791
1.7234176	-47.415657	34.535889
1.7186205	-47.415043	34.635986
1.7803237	-47.411312	34.736084
1.7619249	-47.410835	34.836182
1.7259307	-47.41087	34.936279
1.7731007	-47.406387	35.036377
1.7766801	-47.405762	35.136475
1.7535758	-47.405937	35.236572
1.7590123	-47.403858	35.33667
1.7613878	-47.40274	35.436768
1.7337114	-47.402168	35.536865
1.7062595	-47.402748	35.636963
1.7197989	-47.400578	35.737061
1.7127079	-47.400215	35.837158
1.6865811	-47.400635	35.937256
1.7230445	-47.398365	36.037354
1.6777328	-47.398308	36.137451
1.7409916	-47.392651	36.237549
1.7503644	-47.39048	36.337646
1.7232474	-47.390671	36.437744
1.7341574	-47.388863	36.537842
1.7782124	-47.385757	36.637939
1.7597092	-47.386078	36.738037
1.7721747	-47.383827	36.838135
1.7859712	-47.382835	36.938232
1.8222327	-47.379669	37.03833
1.8880687	-47.374031	37.138428
1.9130906	-47.372036	37.238525
1.8815968	-47.37254	37.338623
1.8849502	-47.371346	37.438721
1.8972582	-47.369808	37.538818
1.9191564	-47.367966	37.638916
1.9371291	-47.365746	37.739014
1.9048897	-47.366539	37.839111
1.9351784	-47.363293	37.939209
1.9184835	-47.365078	38.039307
1.9532286	-47.361271	38.139404
1.9004877	-47.363171	38.239502
1.8513672	-47.364223	38.3396
1.907442	-47.358025	38.439697
1.9150839	-47.357105	38.539795
1.866812	-47.359615	38.639893
1.8451468	-47.358788	38.73999
1.8300025	-47.358353	38.840088
1.8382348	-47.357136	38.940186
1.8381141	-47.356182	39.040283
1.8267723	-47.35503	39.140381
1.827296	-47.352345	39.240479
1.8882984	-47.347477	39.340576
1.8464187	-47.348495	39.440674
1.8764843	-47.345966	39.540771
1.8794544	-47.34454	39.640869
1.8873093	-47.342556	39.740967
1.9129634	-47.340183	39.841064
1.9250524	-47.339157	39.941162
1.937185	-47.337082	40.04126
1.9398326	-47.336185	40.141357
1.96389	-47.333847	40.241455
2.0043654	-47.330772	40.341553
2.0263441	-47.329193	40.44165
2.1032579	-47.323788	40.541748
2.0975616	-47.323479	40.641846
2.0656264	-47.323952	40.741943
2.0701272	-47.323383	40.842041
2.0827076	-47.321526	40.942139
2.0610759	-47.322212	41.042236
2.0601614	-47.320877	41.142334
2.1205766	-47.317268	41.242432
2.0423627	-47.320274	41.342529
2.0237856	-47.31863	41.442627
2.0643983	-47.315769	41.542725
2.0580699	-47.315472	41.642822
2.0097916	-47.316505	41.74292
2.0211992	-47.313984	41.843018
1.9774044	-47.315605	41.943115
1.933625	-47.316513	42.043213
1.9421751	-47.314579	42.143311
1.9832886	-47.311939	42.243408
1.9648529	-47.310192	42.343506
2.0137196	-47.30542	42.443604
2.0459018	-47.302776	42.543701
2.0686789	-47.301441	42.643799
2.0314629	-47.301456	42.743896
2.0386457	-47.299198	42.843994
2.0742188	-47.296295	42.944092
2.1031144	-47.294285	43.044189
2.1256611	-47.291122	43.144287
2.1456048	-47.289623	43.244385
2.1620088	-47.287231	43.344482
2.2578115	-47.280815	43.44458
2.2721663	-47.280174	43.544678
2.2211967	-47.281204	43.644775
2.2171488	-47.280693	43.744873
2.2421095	-47.278606	43.844971
2.244287	-47.278114	43.945068
2.239217	-47.278282	44.045166
2.2252326	-47.277786	44.145264
2.2720025	-47.274807	44.245361
2.2174704	-47.276108	44.345459
2.1643596	-47.277069	44.445557
2.1737223	-47.274975	44.545654
2.1964281	-47.272411	44.645752
2.1750133	-47.27272	44.74585
2.1464937	-47.272415	44.845947
2.16201	-47.270645	44.946045
2.1175876	-47.27206	45.046143
2.1386571	-47.269482	45.14624
2.111505	-47.269638	45.246338
2.1159768	-47.266792	45.346436
2.1597691	-47.262173	45.446533
2.2333829	-47.257694	45.546631
2.1734715	-47.259743	45.646729
2.1652696	-47.258667	45.746826
2.2089596	-47.254498	45.846924
2.2443042	-47.251926	45.947021
2.2582064	-47.250668	46.047119
2.2720292	-47.24844	46.147217
2.2670147	-47.248459	46.247314
2.297775	-47.245537	46.347412
2.3028486	-47.244804	46.44751
2.3238173	-47.243382	46.547607
2.3885787	-47.237312	46.647705
2.4627147	-47.233067	46.747803
2.4233403	-47.234451	46.8479
2.3697212	-47.23542	46.947998
2.3630016	-47.23452	47.048096
2.4034903	-47.231911	47.148193
2.3717408	-47.232132	47.248291
2.3443494	-47.232662	47.348389
2.3453119	-47.230976	47.448486
2.3061447	-47.231857	47.548584
2.335387	-47.230286	47.648682
2.290122	-47.23024	47.748779
2.2415719	-47.230091	47.848877
2.3092418	-47.225178	47.948975
2.3121324	-47.224365	48.049072
2.3047462	-47.223263	48.14917
2.2717965	-47.223423	48.249268
2.2694981	-47.221848	48.349365
2.2699511	-47.219913	48.449463
2.3138118	-47.216644	48.549561
2.3342543	-47.215076	48.649658
2.3731756	-47.210571	48.749756
2.4150085	-47.207035	48.849854
2.4117463	-47.206001	48.949951
2.3917921	-47.205723	49.050049
2.4280646	-47.202026	49.150146
2.4690151	-47.199429	49.250244
2.4502027	-47.199265	49.350342
2.4577808	-47.198273	49.450439
2.4752812	-47.196182	49.550537
2.478888	-47.195507	49.650635
2.5510042	-47.190723	49.750732
2.5452886	-47.190357	49.85083
2.4987473	-47.190697	49.950928
2.491188	-47.18895	50.051025
2.4826231	-47.188686	50.151123
2.5002024	-47.186829	50.251221
2.4951434	-47.185825	50.351318
2.485429	-47.185585	50.451416
2.4526193	-47.18605	50.551514
2.4536755	-47.184917	50.651611
2.3855741	-47.185207	50.751709
2.4325247	-47.180542	50.851807
2.4499938	-47.178295	50.951904
2.4754889	-47.17638	51.052002
2.4403207	-47.176399	51.1521
2.4457598	-47.174625	51.252197
2.4669518	-47.172028	51.352295
2.4706616	-47.171303	51.452393
2.5133417	-47.167973	51.55249
2.4773772	-47.169025	51.652588
2.4793801	-47.167484	51.752686
2.4753361	-47.164047	51.852783
2.6066067	-47.156395	51.952881
2.6222241	-47.154728	52.052979
2.6059577	-47.154449	52.153076
2.6023858	-47.152596	52.253174