MTS793|MPT|ENU|1|2|.|/|:|1|0|0|A

Data Acquisition						Time:	29.237305	Sec	6/8/2017 5:20:53 PM
Axial Force	Axial Displacement	Time
N	mm	Sec
0.11950716	-48.702759	3.5405273
0.055918913	-48.70834	3.640625
0.11955237	-48.698807	3.7407227
0.11405253	-48.694981	3.8408203
0.10580876	-48.695862	3.940918
0.12646979	-48.691319	4.0410156
0.1011956	-48.693115	4.1411133
0.12598266	-48.689636	4.2412109
0.10188174	-48.690434	4.3413086
0.10655541	-48.690666	4.4414063
0.12462503	-48.686913	4.5415039
0.11869131	-48.686874	4.6416016
0.11511845	-48.68708	4.7416992
0.18576252	-48.672924	4.8417969
0.094157413	-48.682163	4.9418945
0.21100265	-48.665474	5.0419922
0.12232155	-48.671741	5.1420898
0.20158957	-48.662621	5.2421875
0.15221198	-48.66531	5.3422852
0.16744366	-48.665173	5.4423828
0.17394266	-48.662697	5.5424805
0.18263307	-48.660534	5.6425781
0.16344528	-48.662983	5.7426758
0.17567024	-48.660645	5.8427734
0.22537662	-48.653423	5.9428711
0.22369199	-48.647156	6.0429688
0.22273472	-48.648113	6.1430664
0.24312522	-48.64024	6.2431641
0.23337725	-48.64336	6.3432617
0.24494174	-48.635975	6.4433594
0.22283593	-48.640747	6.543457
0.24919052	-48.634037	6.6435547
0.23492062	-48.635582	6.7436523
0.24732569	-48.632889	6.84375
0.23592176	-48.633091	6.9438477
0.22496653	-48.634087	7.0439453
0.23566252	-48.632622	7.144043
0.23779094	-48.630478	7.2441406
0.29916102	-48.622566	7.3442383
0.23171607	-48.62513	7.4443359
0.31785271	-48.614822	7.5444336
0.26059234	-48.618584	7.6445313
0.30330855	-48.613003	7.7446289
0.27857992	-48.614357	7.8447266
0.31195304	-48.610245	7.9448242
0.29022425	-48.611134	8.0449219
0.29732552	-48.609879	8.1450195
0.29169646	-48.610981	8.2451172
0.31751928	-48.606125	8.3452148
0.36586279	-48.59977	8.4453125
0.26636067	-48.605885	8.5454102
0.40652874	-48.589344	8.6455078
0.27864212	-48.598583	8.7456055
0.40495309	-48.584915	8.8457031
0.33360302	-48.58976	8.9458008
0.36405349	-48.585163	9.0458984
0.35675263	-48.585365	9.1459961
0.35761356	-48.585911	9.2460938
0.35994685	-48.583755	9.3461914
0.34321573	-48.58477	9.4462891
0.35418493	-48.583614	9.5463867
0.35740072	-48.583122	9.6464844
0.38024896	-48.580341	9.746582
0.37084097	-48.575298	9.8466797
0.42701772	-48.570396	9.9467773
0.39019719	-48.570435	10.046875
0.40798843	-48.567841	10.146973
0.40846667	-48.566818	10.24707
0.41697264	-48.565445	10.347168
0.43165493	-48.563076	10.447266
0.41422457	-48.562965	10.547363
0.42095566	-48.561993	10.647461
0.41056263	-48.561546	10.747559
0.42746529	-48.559769	10.847656
0.41439593	-48.560047	10.947754
0.49157178	-48.547764	11.047852
0.45240787	-48.551586	11.147949
0.46720359	-48.545475	11.248047
0.47858191	-48.545727	11.348145
0.46828297	-48.544743	11.448242
0.45127046	-48.544727	11.54834
0.47371027	-48.542683	11.648438
0.46201763	-48.543018	11.748535
0.47283617	-48.540844	11.848633
0.46873808	-48.540962	11.94873
0.4499397	-48.540958	12.048828
0.47926134	-48.538139	12.148926
0.49208787	-48.537766	12.249023
0.51517165	-48.528217	12.349121
0.52479059	-48.52626	12.449219
0.49563521	-48.527721	12.549316
0.51313287	-48.524593	12.649414
0.52479792	-48.522282	12.749512
0.51684153	-48.521954	12.849609
0.51126868	-48.521748	12.949707
0.52968198	-48.519577	13.049805
0.58802295	-48.510109	13.149902
0.55716747	-48.513847	13.25
0.54899454	-48.50922	13.350098
0.62008876	-48.503731	13.450195
0.57471675	-48.505119	13.550293
0.59835255	-48.501892	13.650391
0.5746814	-48.502762	13.750488
0.5802325	-48.501583	13.850586
0.6138345	-48.498272	13.950684
0.58160985	-48.499725	14.050781
0.60460782	-48.496712	14.150879
0.6031577	-48.495708	14.250977
0.64671451	-48.491791	14.351074
0.6407907	-48.488613	14.451172
0.63706893	-48.48661	14.55127
0.63196808	-48.485695	14.651367
0.64454079	-48.483685	14.751465
0.64400077	-48.482689	14.851563
0.64228904	-48.482414	14.95166
0.65149152	-48.479813	15.051758
0.61072177	-48.482059	15.151855
0.62594932	-48.479767	15.251953
0.62009799	-48.479328	15.352051
0.68372035	-48.473442	15.452148
0.61418223	-48.475006	15.552246
0.69133264	-48.466393	15.652344
0.67759079	-48.466438	15.752441
0.67346185	-48.464367	15.852539
0.68412608	-48.462784	15.952637
0.69984007	-48.460461	16.052734
0.67454487	-48.460823	16.152832
0.68215084	-48.459251	16.25293
0.69057798	-48.458183	16.353027
0.68529963	-48.457733	16.453125
0.75138068	-48.451782	16.553223
0.68127447	-48.454254	16.65332
0.78976113	-48.444138	16.753418
0.75631779	-48.445797	16.853516
0.74825639	-48.444546	16.953613
0.76424986	-48.443256	17.053711
0.77418983	-48.441677	17.153809
0.77807105	-48.440559	17.253906
0.75399017	-48.441277	17.354004
0.77421802	-48.438633	17.454102
0.77279806	-48.438759	17.554199
0.78194034	-48.433762	17.654297
0.85261482	-48.428738	17.754395
0.74092209	-48.43478	17.854492
0.790025	-48.428326	17.95459
0.7944234	-48.428108	18.054688
0.76404452	-48.428951	18.154785
0.79082912	-48.426479	18.254883
0.7782926	-48.426407	18.35498
0.77242947	-48.426186	18.455078
0.75343758	-48.426205	18.555176
0.76348889	-48.425034	18.655273
0.83002228	-48.41552	18.755371
0.82857025	-48.414413	18.855469
0.81117392	-48.414093	18.955566
0.84250706	-48.410591	19.055664
0.82754332	-48.411613	19.155762
0.82345814	-48.410282	19.255859
0.83358371	-48.409847	19.355957
0.83052742	-48.409424	19.456055
0.90373927	-48.399982	19.556152
0.92277485	-48.398418	19.65625
0.89963412	-48.397831	19.756348
0.91786057	-48.395668	19.856445
0.92409295	-48.394333	19.956543
0.89693689	-48.395702	20.056641
0.91979098	-48.393723	20.156738
0.90836555	-48.394234	20.256836
0.91552323	-48.39291	20.356934
0.91831964	-48.391903	20.457031
0.93545711	-48.389347	20.557129
0.92013866	-48.388767	20.657227
0.95857805	-48.383602	20.757324
0.98584408	-48.382908	20.857422
0.90043265	-48.385757	20.95752
0.91187334	-48.383282	21.057617
0.94174284	-48.381092	21.157715
0.89745331	-48.383198	21.257813
0.90718633	-48.381195	21.35791
0.91187519	-48.37991	21.458008
0.89189565	-48.381111	21.558105
0.93736017	-48.373737	21.658203
1.0046192	-48.368473	21.758301
0.97032672	-48.370632	21.858398
0.93953747	-48.369827	21.958496
0.98341262	-48.366047	22.058594
1.0017029	-48.363445	22.158691
0.97963703	-48.364304	22.258789
1.0291868	-48.361042	22.358887
1.0057505	-48.36171	22.458984
1.022543	-48.359745	22.559082
1.0425636	-48.358135	22.65918
1.0355667	-48.357773	22.759277
1.1244166	-48.348564	22.859375
1.1285756	-48.347855	22.959473
1.0270486	-48.35244	23.05957
1.078835	-48.346619	23.159668
1.132996	-48.344368	23.259766
1.0755122	-48.346172	23.359863
1.0864886	-48.343624	23.459961
1.0744108	-48.344212	23.560059
1.0841451	-48.342884	23.660156
1.0681837	-48.344013	23.760254
1.0605768	-48.343109	23.860352
1.0493097	-48.342129	23.960449
1.0454179	-48.341576	24.060547
1.0208045	-48.34322	24.160645
1.0340689	-48.341049	24.260742
1.0362968	-48.33741	24.36084
1.0955914	-48.333523	24.460938
1.0587286	-48.334667	24.561035
1.0541024	-48.333309	24.661133
1.0918893	-48.329937	24.76123
1.0933117	-48.329914	24.861328
1.0813965	-48.328403	24.961426
1.1039228	-48.327179	25.061523
1.1235788	-48.324783	25.161621
1.146567	-48.322216	25.261719
1.2003062	-48.316288	25.361816
1.2191509	-48.314926	25.461914
1.1962979	-48.314735	25.562012
1.2076342	-48.312954	25.662109
1.2325941	-48.311295	25.762207
1.2144657	-48.311779	25.862305
1.2160985	-48.311264	25.962402
1.2284247	-48.310276	26.0625
1.2207589	-48.310211	26.162598
1.2597017	-48.307514	26.262695
1.220356	-48.308319	26.362793
1.2409711	-48.30508	26.462891
1.2484608	-48.303146	26.562988
1.2352978	-48.303455	26.663086
1.2155912	-48.303272	26.763184
1.1909808	-48.303978	26.863281
1.1824257	-48.30304	26.963379
1.1804142	-48.302525	27.063477
1.1487634	-48.303604	27.163574
1.188	-48.300938	27.263672
1.1453609	-48.300583	27.36377
1.2270279	-48.293823	27.463867
1.2221985	-48.292271	27.563965
1.2021292	-48.29287	27.664063
1.1949788	-48.292072	27.76416
1.2297409	-48.288906	27.864258
1.2422657	-48.286652	27.964355
1.2521617	-48.285652	28.064453
1.2563409	-48.284134	28.164551
1.2805451	-48.282501	28.264648
1.3420868	-48.277145	28.364746
1.3972447	-48.273781	28.464844
1.3570328	-48.275391	28.564941
1.3650415	-48.273121	28.665039
1.4107974	-48.269279	28.765137
1.3912439	-48.270302	28.865234
1.3853613	-48.269745	28.965332
1.4018317	-48.267593	29.06543
1.4066472	-48.267082	29.165527
1.3950628	-48.267452	29.265625
1.365749	-48.268673	29.365723
1.3535089	-48.268631	29.46582
1.4069786	-48.265278	29.565918
1.337845	-48.266827	29.666016
1.3564333	-48.263733	29.766113
1.3347591	-48.264797	29.866211
1.3243335	-48.26334	29.966309
1.3407669	-48.262409	30.066406
1.3082956	-48.26313	30.166504
1.3027221	-48.261417	30.266602
1.3099095	-48.260784	30.366699
1.3038151	-48.261703	30.466797
1.2877162	-48.258614	30.566895
1.3743716	-48.252171	30.666992
1.3702681	-48.252449	30.76709
1.3610979	-48.251328	30.867188
1.3817868	-48.248089	30.967285
1.4127507	-48.246437	31.067383
1.4195497	-48.245132	31.16748
1.4307207	-48.243931	31.267578
1.4578487	-48.241638	31.367676
1.4689209	-48.240707	31.467773
1.5513612	-48.23415	31.567871
1.5764147	-48.232708	31.667969
1.5668496	-48.232529	31.768066
1.5291765	-48.234276	31.868164
1.5250765	-48.233345	31.968262
1.5848373	-48.229099	32.068359
1.5696384	-48.229137	32.168457
1.5478212	-48.2299	32.268555
1.5321565	-48.229607	32.368652
1.5103443	-48.230141	32.46875
1.5579221	-48.227795	32.568848
1.4858749	-48.229965	32.668945
1.4850615	-48.226948	32.769043
1.5296597	-48.224743	32.869141
1.5052345	-48.224991	32.969238
1.4775987	-48.225571	33.069336
1.464258	-48.225082	33.169434
1.4617496	-48.223667	33.269531
1.4540447	-48.223324	33.369629
1.4646717	-48.222549	33.469727
1.4487036	-48.221054	33.569824
1.4762349	-48.217293	33.669922
1.5312359	-48.213394	33.77002
1.5498829	-48.211258	33.870117
1.5356699	-48.21191	33.970215
1.5194075	-48.212044	34.070313
1.5868905	-48.207211	34.17041
1.6153641	-48.205673	34.270508
1.620885	-48.20414	34.370605
1.642379	-48.202084	34.470703
1.6431586	-48.202129	34.570801
1.6614921	-48.20068	34.670898
1.6582747	-48.20105	34.770996
1.6760502	-48.199539	34.871094
1.6663886	-48.199986	34.971191
1.6699282	-48.199524	35.071289
1.7324948	-48.195274	35.171387
1.7135878	-48.195858	35.271484
1.662921	-48.196632	35.371582
1.6681799	-48.195515	35.47168
1.668009	-48.194988	35.571777
1.6474022	-48.194881	35.671875
1.6038114	-48.196495	35.771973
1.6290582	-48.194241	35.87207
1.5774479	-48.195347	35.972168
1.6175414	-48.191383	36.072266
1.6309835	-48.189598	36.172363
1.6115594	-48.189434	36.272461
1.6129882	-48.18816	36.372559
1.6090328	-48.186829	36.472656
1.5980061	-48.187466	36.572754
1.6010677	-48.185783	36.672852
1.6185682	-48.182838	36.772949
1.6876253	-48.178177	36.873047
1.7580884	-48.173851	36.973145
1.7305588	-48.175014	37.073242
1.6939651	-48.174702	37.17334
1.7359622	-48.172424	37.273438
1.782401	-48.16898	37.373535
1.78868	-48.1679	37.473633
1.7806913	-48.16798	37.57373
1.7998732	-48.165653	37.673828
1.824671	-48.164211	37.773926
1.8223722	-48.164024	37.874023
1.8254837	-48.163673	37.974121
1.8817503	-48.159321	38.074219
1.851616	-48.15868	38.174316
1.8470702	-48.159084	38.274414
1.8544022	-48.157776	38.374512
1.8592676	-48.157722	38.474609
1.8086891	-48.158253	38.574707
1.782614	-48.159081	38.674805
1.7726147	-48.159367	38.774902
1.7542719	-48.159859	38.875
1.7363971	-48.159046	38.975098
1.7102211	-48.158203	39.075195
1.7707075	-48.153679	39.175293
1.7902455	-48.151855	39.275391
1.8048867	-48.151463	39.375488
1.7585702	-48.151852	39.475586
1.7685905	-48.1507	39.575684
1.7854236	-48.149403	39.675781
1.7787297	-48.149139	39.775879
1.7949395	-48.147621	39.875977
1.7882965	-48.145649	39.976074
1.8690548	-48.14164	40.076172
1.8941165	-48.139881	40.17627
1.8928356	-48.139652	40.276367
1.8921522	-48.138664	40.376465
1.9075422	-48.137142	40.476563
1.9377164	-48.135551	40.57666
1.9321365	-48.134968	40.676758
1.9961635	-48.133049	40.776855
2.0321088	-48.129654	40.876953
2.0095658	-48.12986	40.977051
1.9649482	-48.130966	41.077148
1.9799727	-48.129147	41.177246
1.9787138	-48.129005	41.277344
1.974098	-48.127247	41.377441
1.9428754	-48.12862	41.477539
1.9404501	-48.127598	41.577637
1.9334664	-48.127918	41.677734
1.9607579	-48.125961	41.777832
1.9077399	-48.127056	41.87793
1.900499	-48.12553	41.978027
1.9322776	-48.123756	42.078125
1.9396954	-48.122684	42.178223
1.935751	-48.121731	42.27832
1.907959	-48.122124	42.378418
1.9009645	-48.120991	42.478516
1.9200704	-48.119839	42.578613
1.9307361	-48.118523	42.678711
1.9365277	-48.117943	42.778809
1.97943	-48.113556	42.878906
2.0500226	-48.110035	42.979004
2.0427043	-48.110489	43.079102
2.0111785	-48.111382	43.179199
2.0319784	-48.109753	43.279297
2.0693367	-48.106815	43.379395
2.0626769	-48.106625	43.479492
2.0623474	-48.106205	43.57959
2.0901532	-48.104073	43.679688
2.0749176	-48.104694	43.779785
2.0872455	-48.103504	43.879883
2.1150436	-48.102131	43.97998
2.1402447	-48.100174	44.080078
2.1117539	-48.100433	44.180176
2.0891812	-48.100136	44.280273
2.108603	-48.098827	44.380371
2.1064415	-48.098125	44.480469
2.0757675	-48.099136	44.580566
2.1014957	-48.097889	44.680664
2.0967925	-48.096149	44.780762
2.0894377	-48.095798	44.880859
2.1023726	-48.09441	44.980957
2.0528622	-48.095993	45.081055
2.0183766	-48.095589	45.181152
2.0825799	-48.090286	45.28125
2.1206505	-48.088959	45.381348
2.1383541	-48.088383	45.481445
2.1499484	-48.087109	45.581543
2.1443009	-48.087379	45.681641
2.1435652	-48.085918	45.781738
2.1653409	-48.084614	45.881836
2.1766222	-48.084099	45.981934
2.1760538	-48.083595	46.082031
2.1754007	-48.081799	46.182129
2.2390676	-48.077995	46.282227
2.2585433	-48.076382	46.382324
2.2299142	-48.077335	46.482422
2.2250051	-48.07695	46.58252
2.216779	-48.076382	46.682617
2.2034192	-48.076675	46.782715
2.2113161	-48.07505	46.882813
2.2091286	-48.074326	46.98291
2.198915	-48.072643	47.083008
2.1943784	-48.071583	47.183105
2.1343427	-48.073273	47.283203
2.1396902	-48.070568	47.383301
2.2147534	-48.067463	47.483398
2.2508376	-48.064934	47.583496
2.2249966	-48.064812	47.683594
2.2285376	-48.064785	47.783691
2.2125649	-48.064137	47.883789
2.2068901	-48.063866	47.983887
2.2416613	-48.061752	48.083984
2.2592757	-48.060604	48.184082
2.3331032	-48.056473	48.28418
2.3606935	-48.054371	48.384277
2.3415513	-48.053768	48.484375
2.3179467	-48.053799	48.584473
2.3283467	-48.052654	48.68457
2.3289638	-48.052162	48.784668
2.3301735	-48.051289	48.884766
2.3457034	-48.049587	48.984863
2.3426766	-48.050137	49.084961
2.3397844	-48.049049	49.185059
2.3342569	-48.048801	49.285156
2.4146967	-48.044724	49.385254
2.4255109	-48.04356	49.485352
2.3805847	-48.044693	49.585449
2.3271146	-48.044693	49.685547
2.3229804	-48.043819	49.785645
2.3334196	-48.042564	49.885742
2.3469255	-48.042107	49.98584
2.3158271	-48.042652	50.085938
2.3212633	-48.041286	50.186035
2.290041	-48.041492	50.286133
2.287174	-48.040897	50.38623
2.3127692	-48.035908	50.486328
2.2641325	-48.033588	50.586426
2.2791417	-48.02956	50.686523
2.3922179	-48.023357	50.786621
2.405818	-48.021435	50.886719
2.3723764	-48.013504	50.986816
2.3837278	-47.971046	51.086914